version 2
run PingFC-0-20150301-04:28:33-6400
attr configname PingFC
attr datetime 20150301-04:28:33
attr experiment PingFC
attr inifile omnetpp.ini
attr iterationvars ""
attr iterationvars2 $repetition=0
attr measurement ""
attr network TwoCSs
attr processid 6400
attr repetition 0
attr replication #0
attr resultdir results
attr runnumber 0
attr seedset 0

vector 1  TwoCSs.host1.ipcProcess1.flowAllocator.faiTable  ft-size:vector  ETV
attr source  FT_FlowTableSize
attr title  "FlowTable Size, vector"
vector 0  TwoCSs.host1.ipcProcess0.flowAllocator.faiTable  ft-size:vector  ETV
attr source  FT_FlowTableSize
attr title  "FlowTable Size, vector"
vector 5  TwoCSs.host1.ipcProcess0.relayAndMux.p0.outQ_M  rmtqueue-size:vector  ETV
attr source  RMTQueue_Length
attr title  "RMTQueue Size, vector"
vector 8  TwoCSs.host2.ipcProcess0.relayAndMux.p0.inQ_M  rmtqueue-size:vector  ETV
attr source  RMTQueue_Length
attr title  "RMTQueue Size, vector"
vector 2  TwoCSs.host2.ipcProcess0.flowAllocator.faiTable  ft-size:vector  ETV
attr source  FT_FlowTableSize
attr title  "FlowTable Size, vector"
vector 9  TwoCSs.host2.ipcProcess0.relayAndMux.p0.outQ_M  rmtqueue-size:vector  ETV
attr source  RMTQueue_Length
attr title  "RMTQueue Size, vector"
vector 4  TwoCSs.host1.ipcProcess0.relayAndMux.p0.inQ_M  rmtqueue-size:vector  ETV
attr source  RMTQueue_Length
attr title  "RMTQueue Size, vector"
vector 13  TwoCSs.host1.ipcProcess1.relayAndMux.p0.outQ_M  rmtqueue-size:vector  ETV
attr source  RMTQueue_Length
attr title  "RMTQueue Size, vector"
vector 7  TwoCSs.host1.ipcProcess0.relayAndMux.p0.outQ_0  rmtqueue-size:vector  ETV
attr source  RMTQueue_Length
attr title  "RMTQueue Size, vector"
vector 10  TwoCSs.host2.ipcProcess0.relayAndMux.p0.inQ_0  rmtqueue-size:vector  ETV
attr source  RMTQueue_Length
attr title  "RMTQueue Size, vector"
vector 11  TwoCSs.host2.ipcProcess0.relayAndMux.p0.outQ_0  rmtqueue-size:vector  ETV
attr source  RMTQueue_Length
attr title  "RMTQueue Size, vector"
vector 16  TwoCSs.host2.ipcProcess1.relayAndMux.p0.inQ_M  rmtqueue-size:vector  ETV
attr source  RMTQueue_Length
attr title  "RMTQueue Size, vector"
vector 3  TwoCSs.host2.ipcProcess1.flowAllocator.faiTable  ft-size:vector  ETV
attr source  FT_FlowTableSize
attr title  "FlowTable Size, vector"
vector 17  TwoCSs.host2.ipcProcess1.relayAndMux.p0.outQ_M  rmtqueue-size:vector  ETV
attr source  RMTQueue_Length
attr title  "RMTQueue Size, vector"
vector 6  TwoCSs.host1.ipcProcess0.relayAndMux.p0.inQ_0  rmtqueue-size:vector  ETV
attr source  RMTQueue_Length
attr title  "RMTQueue Size, vector"
vector 12  TwoCSs.host1.ipcProcess1.relayAndMux.p0.inQ_M  rmtqueue-size:vector  ETV
attr source  RMTQueue_Length
attr title  "RMTQueue Size, vector"
vector 15  TwoCSs.host1.ipcProcess1.relayAndMux.p0.outQ_0  rmtqueue-size:vector  ETV
attr source  RMTQueue_Length
attr title  "RMTQueue Size, vector"
vector 18  TwoCSs.host2.ipcProcess1.relayAndMux.p0.inQ_0  rmtqueue-size:vector  ETV
attr source  RMTQueue_Length
attr title  "RMTQueue Size, vector"
vector 19  TwoCSs.host2.ipcProcess1.relayAndMux.p0.outQ_0  rmtqueue-size:vector  ETV
attr source  RMTQueue_Length
attr title  "RMTQueue Size, vector"
vector 14  TwoCSs.host1.ipcProcess1.relayAndMux.p0.inQ_0  rmtqueue-size:vector  ETV
attr source  RMTQueue_Length
attr title  "RMTQueue Size, vector"
0	1	10	1
1	1	10	1
2	11	13	1
3	50	19	1
4	18	16	0
4	18	16	0
5	4	10	0
5	4	10	0
6	67	22	0
6	67	22	0
6	68	22	0
6	68	22	0
6	369	41	0
6	369	41	0
6	371	41	0
6	371	41	0
6	372	41	0
6	372	41	0
6	498	42	0
6	498	42	0
6	500	42	0
6	500	42	0
6	501	42	0
6	501	42	0
6	627	43	0
6	627	43	0
6	629	43	0
6	629	43	0
6	630	43	0
6	630	43	0
6	749	44	0
6	749	44	0
6	751	44	0
6	751	44	0
6	753	44	0
6	753	44	0
6	905	45	0
6	905	45	0
6	907	45	0
6	907	45	0
6	909	45	0
6	909	45	0
6	1054	46	0
6	1054	46	0
6	1161	47	0
6	1161	47	0
6	1163	47	0
6	1163	47	0
6	1165	47	0
6	1165	47	0
6	1167	47	0
6	1167	47	0
6	1321	48	0
6	1321	48	0
6	1323	48	0
6	1323	48	0
6	1325	48	0
6	1325	48	0
6	1327	48	0
6	1327	48	0
6	1447	49	0
6	1447	49	0
6	1448	49	0
6	1448	49	0
6	1449	49	0
6	1449	49	0
6	1450	49	0
6	1450	49	0
6	1583	50	0
6	1583	50	0
6	1585	50	0
6	1585	50	0
6	1587	50	0
6	1587	50	0
6	1589	50	0
6	1589	50	0
6	1752	51	0
6	1752	51	0
6	1754	51	0
6	1754	51	0
6	1756	51	0
6	1756	51	0
6	1908	52	0
6	1908	52	0
6	2031	53	0
6	2031	53	0
6	2033	53	0
6	2033	53	0
6	2035	53	0
6	2035	53	0
6	2037	53	0
6	2037	53	0
6	2199	54	0
6	2199	54	0
6	2201	54	0
6	2201	54	0
6	2203	54	0
6	2203	54	0
6	2205	54	0
6	2205	54	0
6	2333	55	0
6	2333	55	0
6	2334	55	0
6	2334	55	0
6	2335	55	0
6	2335	55	0
6	2336	55	0
6	2336	55	0
6	2442	56	0
6	2442	56	0
6	2444	56	0
6	2444	56	0
6	2446	56	0
6	2446	56	0
6	2448	56	0
6	2448	56	0
6	2608	57	0
6	2608	57	0
6	2610	57	0
6	2610	57	0
6	2612	57	0
6	2612	57	0
6	2759	58	0
6	2759	58	0
6	2877	59	0
6	2877	59	0
6	2879	59	0
6	2879	59	0
6	2881	59	0
6	2881	59	0
6	2883	59	0
6	2883	59	0
6	3019	60	0
6	3019	60	0
6	3021	60	0
6	3021	60	0
6	3023	60	0
6	3023	60	0
6	3025	60	0
6	3025	60	0
6	3170	61	0
6	3170	61	0
6	3171	61	0
6	3171	61	0
6	3172	61	0
6	3172	61	0
6	3173	61	0
6	3173	61	0
6	3270	62	0
6	3270	62	0
6	3272	62	0
6	3272	62	0
6	3274	62	0
6	3274	62	0
6	3276	62	0
6	3276	62	0
6	3426	63	0
6	3426	63	0
6	3428	63	0
6	3428	63	0
6	3430	63	0
6	3430	63	0
6	3560	64	0
6	3560	64	0
6	3675	65	0
6	3675	65	0
6	3677	65	0
6	3677	65	0
6	3679	65	0
6	3679	65	0
6	3681	65	0
6	3681	65	0
6	3839	66	0
6	3839	66	0
6	3841	66	0
6	3841	66	0
6	3843	66	0
6	3843	66	0
6	3845	66	0
6	3845	66	0
6	3969	67	0
6	3969	67	0
6	3970	67	0
6	3970	67	0
6	3971	67	0
6	3971	67	0
6	3972	67	0
6	3972	67	0
6	4078	68	0
6	4078	68	0
6	4080	68	0
6	4080	68	0
6	4082	68	0
6	4082	68	0
6	4084	68	0
6	4084	68	0
6	4233	69	0
6	4233	69	0
6	4235	69	0
6	4235	69	0
6	4237	69	0
6	4237	69	0
6	4387	70	0
6	4387	70	0
6	4492	71	0
6	4492	71	0
6	4494	71	0
6	4494	71	0
6	4496	71	0
6	4496	71	0
6	4498	71	0
6	4498	71	0
6	4631	72	0
6	4631	72	0
6	4633	72	0
6	4633	72	0
6	4635	72	0
6	4635	72	0
6	4637	72	0
6	4637	72	0
6	4769	73	0
6	4769	73	0
6	4770	73	0
6	4770	73	0
6	4771	73	0
6	4771	73	0
6	4772	73	0
6	4772	73	0
6	4862	74	0
6	4862	74	0
6	4864	74	0
6	4864	74	0
6	4866	74	0
6	4866	74	0
6	4868	74	0
6	4868	74	0
6	5023	75	0
6	5023	75	0
6	5025	75	0
6	5025	75	0
6	5027	75	0
6	5027	75	0
6	5159	76	0
6	5159	76	0
6	5254	77	0
6	5254	77	0
6	5256	77	0
6	5256	77	0
6	5258	77	0
6	5258	77	0
6	5260	77	0
6	5260	77	0
6	5419	78	0
6	5419	78	0
6	5421	78	0
6	5421	78	0
6	5423	78	0
6	5423	78	0
6	5425	78	0
6	5425	78	0
6	5548	79	0
6	5548	79	0
6	5549	79	0
6	5549	79	0
6	5550	79	0
6	5550	79	0
6	5551	79	0
6	5551	79	0
6	5644	80	0
6	5644	80	0
6	5646	80	0
6	5646	80	0
6	5648	80	0
6	5648	80	0
6	5650	80	0
6	5650	80	0
6	5799	81	0
6	5799	81	0
6	5801	81	0
6	5801	81	0
6	5803	81	0
6	5803	81	0
6	5947	82	0
6	5947	82	0
6	6046	83	0
6	6046	83	0
6	6048	83	0
6	6048	83	0
6	6050	83	0
6	6050	83	0
6	6052	83	0
6	6052	83	0
6	6205	84	0
6	6205	84	0
6	6207	84	0
6	6207	84	0
6	6209	84	0
6	6209	84	0
6	6211	84	0
6	6211	84	0
6	6335	85	0
6	6335	85	0
6	6336	85	0
6	6336	85	0
6	6337	85	0
6	6337	85	0
6	6338	85	0
6	6338	85	0
6	6428	86	0
6	6428	86	0
6	6430	86	0
6	6430	86	0
6	6432	86	0
6	6432	86	0
6	6434	86	0
6	6434	86	0
6	6584	87	0
6	6584	87	0
6	6586	87	0
6	6586	87	0
6	6588	87	0
6	6588	87	0
6	6724	88	0
6	6724	88	0
6	6822	89	0
6	6822	89	0
6	6824	89	0
6	6824	89	0
6	6826	89	0
6	6826	89	0
6	6828	89	0
6	6828	89	0
6	6971	90	0
6	6971	90	0
6	6973	90	0
6	6973	90	0
6	6975	90	0
6	6975	90	0
6	6977	90	0
6	6977	90	0
6	7097	91	0
6	7097	91	0
6	7098	91	0
6	7098	91	0
6	7099	91	0
6	7099	91	0
6	7100	91	0
6	7100	91	0
6	7196	92	0
6	7196	92	0
6	7198	92	0
6	7198	92	0
6	7200	92	0
6	7200	92	0
6	7202	92	0
6	7202	92	0
6	7344	93	0
6	7344	93	0
6	7346	93	0
6	7346	93	0
6	7348	93	0
6	7348	93	0
6	7470	94	0
6	7470	94	0
6	7574	95	0
6	7574	95	0
6	7576	95	0
6	7576	95	0
6	7578	95	0
6	7578	95	0
6	7580	95	0
6	7580	95	0
6	7734	96	0
6	7734	96	0
6	7736	96	0
6	7736	96	0
6	7738	96	0
6	7738	96	0
6	7740	96	0
6	7740	96	0
6	7856	97	0
6	7856	97	0
6	7857	97	0
6	7857	97	0
6	7858	97	0
6	7858	97	0
6	7859	97	0
6	7859	97	0
6	7959	98	0
6	7959	98	0
6	7961	98	0
6	7961	98	0
6	7963	98	0
6	7963	98	0
6	7965	98	0
6	7965	98	0
6	8103	99	0
6	8103	99	0
6	8105	99	0
6	8105	99	0
6	8107	99	0
6	8107	99	0
6	8242	100	0
6	8242	100	0
6	8333	101	0
6	8333	101	0
6	8335	101	0
6	8335	101	0
6	8337	101	0
6	8337	101	0
6	8339	101	0
6	8339	101	0
6	8497	102	0
6	8497	102	0
6	8499	102	0
6	8499	102	0
6	8501	102	0
6	8501	102	0
6	8503	102	0
6	8503	102	0
6	8623	103	0
6	8623	103	0
6	8624	103	0
6	8624	103	0
6	8625	103	0
6	8625	103	0
6	8626	103	0
6	8626	103	0
6	8721	104	0
6	8721	104	0
6	8723	104	0
6	8723	104	0
6	8725	104	0
6	8725	104	0
6	8727	104	0
6	8727	104	0
6	8860	105	0
6	8860	105	0
6	8862	105	0
6	8862	105	0
6	8864	105	0
6	8864	105	0
6	9001	106	0
6	9001	106	0
6	9092	107	0
6	9092	107	0
6	9094	107	0
6	9094	107	0
6	9096	107	0
6	9096	107	0
6	9098	107	0
6	9098	107	0
6	9248	108	0
6	9248	108	0
6	9250	108	0
6	9250	108	0
6	9252	108	0
6	9252	108	0
6	9254	108	0
6	9254	108	0
6	9378	109	0
6	9378	109	0
6	9379	109	0
6	9379	109	0
6	9380	109	0
6	9380	109	0
6	9381	109	0
6	9381	109	0
6	9479	110	0
6	9479	110	0
6	9481	110	0
6	9481	110	0
6	9483	110	0
6	9483	110	0
6	9485	110	0
6	9485	110	0
6	9620	111	0
6	9620	111	0
6	9622	111	0
6	9622	111	0
6	9624	111	0
6	9624	111	0
6	9759	112	0
6	9759	112	0
6	9863	113	0
6	9863	113	0
6	9865	113	0
6	9865	113	0
6	9867	113	0
6	9867	113	0
6	9869	113	0
6	9869	113	0
6	10010	114	0
6	10010	114	0
6	10012	114	0
6	10012	114	0
6	10014	114	0
6	10014	114	0
6	10016	114	0
6	10016	114	0
6	10140	115	0
6	10140	115	0
6	10141	115	0
6	10141	115	0
6	10142	115	0
6	10142	115	0
6	10143	115	0
6	10143	115	0
6	10254	116	0
6	10254	116	0
6	10256	116	0
6	10256	116	0
6	10258	116	0
6	10258	116	0
6	10260	116	0
6	10260	116	0
6	10406	117	0
6	10406	117	0
6	10408	117	0
6	10408	117	0
6	10410	117	0
6	10410	117	0
6	10536	118	0
6	10536	118	0
6	10640	119	0
6	10640	119	0
6	10642	119	0
6	10642	119	0
6	10644	119	0
6	10644	119	0
6	10646	119	0
6	10646	119	0
6	10792	120	0
6	10792	120	0
6	10794	120	0
6	10794	120	0
6	10796	120	0
6	10796	120	0
6	10798	120	0
6	10798	120	0
6	10922	121	0
6	10922	121	0
6	10923	121	0
6	10923	121	0
6	10924	121	0
6	10924	121	0
6	10925	121	0
6	10925	121	0
6	11026	122	0
6	11026	122	0
6	11028	122	0
6	11028	122	0
6	11030	122	0
6	11030	122	0
6	11032	122	0
6	11032	122	0
6	11178	123	0
6	11178	123	0
6	11180	123	0
6	11180	123	0
6	11182	123	0
6	11182	123	0
6	11318	124	0
6	11318	124	0
6	11409	125	0
6	11409	125	0
6	11411	125	0
6	11411	125	0
6	11413	125	0
6	11413	125	0
6	11415	125	0
6	11415	125	0
6	11561	126	0
6	11561	126	0
6	11563	126	0
6	11563	126	0
6	11565	126	0
6	11565	126	0
6	11567	126	0
6	11567	126	0
6	11688	127	0
6	11688	127	0
6	11689	127	0
6	11689	127	0
6	11690	127	0
6	11690	127	0
6	11691	127	0
6	11691	127	0
6	11792	128	0
6	11792	128	0
6	11794	128	0
6	11794	128	0
6	11796	128	0
6	11796	128	0
6	11798	128	0
6	11798	128	0
6	11944	129	0
6	11944	129	0
6	11946	129	0
6	11946	129	0
6	11948	129	0
6	11948	129	0
6	12084	130	0
6	12084	130	0
6	12175	131	0
6	12175	131	0
6	12177	131	0
6	12177	131	0
6	12179	131	0
6	12179	131	0
6	12181	131	0
6	12181	131	0
6	12332	132	0
6	12332	132	0
6	12334	132	0
6	12334	132	0
6	12336	132	0
6	12336	132	0
6	12338	132	0
6	12338	132	0
6	12472	133	0
6	12472	133	0
6	12473	133	0
6	12473	133	0
6	12474	133	0
6	12474	133	0
6	12475	133	0
6	12475	133	0
6	12573	134	0
6	12573	134	0
6	12575	134	0
6	12575	134	0
6	12577	134	0
6	12577	134	0
6	12579	134	0
6	12579	134	0
6	12725	135	0
6	12725	135	0
6	12727	135	0
6	12727	135	0
6	12729	135	0
6	12729	135	0
6	12862	136	0
6	12862	136	0
6	12960	137	0
6	12960	137	0
6	12962	137	0
6	12962	137	0
6	12964	137	0
6	12964	137	0
6	12966	137	0
6	12966	137	0
6	13114	138	0
6	13114	138	0
6	13116	138	0
6	13116	138	0
6	13118	138	0
6	13118	138	0
6	13120	138	0
6	13120	138	0
6	13238	139	0
6	13238	139	0
6	13239	139	0
6	13239	139	0
6	13240	139	0
6	13240	139	0
6	13241	139	0
6	13241	139	0
6	13346	140	0
6	13346	140	0
6	13348	140	0
6	13348	140	0
6	13350	140	0
6	13350	140	0
6	13352	140	0
6	13352	140	0
6	13500	141	0
6	13500	141	0
6	13502	141	0
6	13502	141	0
6	13504	141	0
6	13504	141	0
6	13637	142	0
6	13637	142	0
6	13735	143	0
6	13735	143	0
6	13737	143	0
6	13737	143	0
6	13739	143	0
6	13739	143	0
6	13741	143	0
6	13741	143	0
6	13889	144	0
6	13889	144	0
6	13891	144	0
6	13891	144	0
6	13893	144	0
6	13893	144	0
6	13895	144	0
6	13895	144	0
6	14013	145	0
6	14013	145	0
6	14014	145	0
6	14014	145	0
6	14015	145	0
6	14015	145	0
6	14016	145	0
6	14016	145	0
6	14121	146	0
6	14121	146	0
6	14123	146	0
6	14123	146	0
6	14125	146	0
6	14125	146	0
6	14127	146	0
6	14127	146	0
6	14275	147	0
6	14275	147	0
6	14277	147	0
6	14277	147	0
6	14279	147	0
6	14279	147	0
6	14412	148	0
6	14412	148	0
6	14510	149	0
6	14510	149	0
6	14512	149	0
6	14512	149	0
6	14514	149	0
6	14514	149	0
6	14516	149	0
6	14516	149	0
6	14664	150	0
6	14664	150	0
6	14666	150	0
6	14666	150	0
6	14668	150	0
6	14668	150	0
6	14670	150	0
6	14670	150	0
6	14788	151	0
6	14788	151	0
6	14789	151	0
6	14789	151	0
6	14790	151	0
6	14790	151	0
6	14791	151	0
6	14791	151	0
6	14896	152	0
6	14896	152	0
6	14898	152	0
6	14898	152	0
6	14900	152	0
6	14900	152	0
6	14902	152	0
6	14902	152	0
6	15050	153	0
6	15050	153	0
6	15052	153	0
6	15052	153	0
6	15054	153	0
6	15054	153	0
6	15187	154	0
6	15187	154	0
6	15285	155	0
6	15285	155	0
6	15287	155	0
6	15287	155	0
6	15289	155	0
6	15289	155	0
6	15291	155	0
6	15291	155	0
6	15439	156	0
6	15439	156	0
6	15441	156	0
6	15441	156	0
6	15443	156	0
6	15443	156	0
6	15445	156	0
6	15445	156	0
6	15563	157	0
6	15563	157	0
6	15564	157	0
6	15564	157	0
6	15565	157	0
6	15565	157	0
6	15566	157	0
6	15566	157	0
6	15671	158	0
6	15671	158	0
6	15673	158	0
6	15673	158	0
6	15675	158	0
6	15675	158	0
6	15677	158	0
6	15677	158	0
6	15825	159	0
6	15825	159	0
6	15827	159	0
6	15827	159	0
6	15829	159	0
6	15829	159	0
6	15962	160	0
6	15962	160	0
6	16060	161	0
6	16060	161	0
6	16062	161	0
6	16062	161	0
6	16064	161	0
6	16064	161	0
6	16066	161	0
6	16066	161	0
6	16214	162	0
6	16214	162	0
6	16216	162	0
6	16216	162	0
6	16218	162	0
6	16218	162	0
6	16220	162	0
6	16220	162	0
6	16338	163	0
6	16338	163	0
6	16339	163	0
6	16339	163	0
6	16340	163	0
6	16340	163	0
6	16341	163	0
6	16341	163	0
6	16446	164	0
6	16446	164	0
6	16448	164	0
6	16448	164	0
6	16450	164	0
6	16450	164	0
6	16452	164	0
6	16452	164	0
6	16600	165	0
6	16600	165	0
6	16602	165	0
6	16602	165	0
6	16604	165	0
6	16604	165	0
6	16737	166	0
6	16737	166	0
6	16835	167	0
6	16835	167	0
6	16837	167	0
6	16837	167	0
6	16839	167	0
6	16839	167	0
6	16841	167	0
6	16841	167	0
6	16989	168	0
6	16989	168	0
6	16991	168	0
6	16991	168	0
6	16993	168	0
6	16993	168	0
6	16995	168	0
6	16995	168	0
6	17113	169	0
6	17113	169	0
6	17114	169	0
6	17114	169	0
6	17115	169	0
6	17115	169	0
6	17116	169	0
6	17116	169	0
6	17221	170	0
6	17221	170	0
6	17223	170	0
6	17223	170	0
6	17225	170	0
6	17225	170	0
6	17227	170	0
6	17227	170	0
6	17375	171	0
6	17375	171	0
6	17377	171	0
6	17377	171	0
6	17379	171	0
6	17379	171	0
6	17512	172	0
6	17512	172	0
6	17610	173	0
6	17610	173	0
6	17612	173	0
6	17612	173	0
6	17614	173	0
6	17614	173	0
6	17616	173	0
6	17616	173	0
6	17764	174	0
6	17764	174	0
6	17766	174	0
6	17766	174	0
6	17768	174	0
6	17768	174	0
6	17770	174	0
6	17770	174	0
6	17888	175	0
6	17888	175	0
6	17889	175	0
6	17889	175	0
6	17890	175	0
6	17890	175	0
6	17891	175	0
6	17891	175	0
6	17996	176	0
6	17996	176	0
6	17998	176	0
6	17998	176	0
6	18000	176	0
6	18000	176	0
6	18002	176	0
6	18002	176	0
6	18150	177	0
6	18150	177	0
6	18152	177	0
6	18152	177	0
6	18154	177	0
6	18154	177	0
6	18287	178	0
6	18287	178	0
6	18385	179	0
6	18385	179	0
6	18387	179	0
6	18387	179	0
6	18389	179	0
6	18389	179	0
6	18391	179	0
6	18391	179	0
6	18539	180	0
6	18539	180	0
6	18541	180	0
6	18541	180	0
6	18543	180	0
6	18543	180	0
6	18545	180	0
6	18545	180	0
6	18663	181	0
6	18663	181	0
6	18664	181	0
6	18664	181	0
6	18665	181	0
6	18665	181	0
6	18666	181	0
6	18666	181	0
6	18771	182	0
6	18771	182	0
6	18773	182	0
6	18773	182	0
6	18775	182	0
6	18775	182	0
6	18777	182	0
6	18777	182	0
6	18925	183	0
6	18925	183	0
6	18927	183	0
6	18927	183	0
6	18929	183	0
6	18929	183	0
6	19062	184	0
6	19062	184	0
6	19160	185	0
6	19160	185	0
6	19162	185	0
6	19162	185	0
6	19164	185	0
6	19164	185	0
6	19166	185	0
6	19166	185	0
6	19314	186	0
6	19314	186	0
6	19316	186	0
6	19316	186	0
6	19318	186	0
6	19318	186	0
6	19320	186	0
6	19320	186	0
6	19438	187	0
6	19438	187	0
6	19439	187	0
6	19439	187	0
6	19440	187	0
6	19440	187	0
6	19441	187	0
6	19441	187	0
6	19538	188	0
6	19538	188	0
6	19540	188	0
6	19540	188	0
6	19542	188	0
6	19542	188	0
6	19544	188	0
6	19544	188	0
6	19684	189	0
6	19684	189	0
6	19686	189	0
6	19686	189	0
6	19688	189	0
6	19688	189	0
6	19818	190	0
6	19818	190	0
6	19911	191	0
6	19911	191	0
6	19913	191	0
6	19913	191	0
6	19915	191	0
6	19915	191	0
6	19917	191	0
6	19917	191	0
6	20057	192	0
6	20057	192	0
6	20059	192	0
6	20059	192	0
6	20061	192	0
6	20061	192	0
6	20063	192	0
6	20063	192	0
6	20168	193	0
6	20168	193	0
6	20169	193	0
6	20169	193	0
6	20170	193	0
6	20170	193	0
6	20171	193	0
6	20171	193	0
6	20250	194	0
6	20250	194	0
6	20252	194	0
6	20252	194	0
6	20254	194	0
6	20254	194	0
6	20256	194	0
6	20256	194	0
6	20369	195	0
6	20369	195	0
6	20371	195	0
6	20371	195	0
6	20373	195	0
6	20373	195	0
6	20460	196	0
6	20460	196	0
6	20500	197	0
6	20500	197	0
6	20502	197	0
6	20502	197	0
6	20504	197	0
6	20504	197	0
6	20506	197	0
6	20506	197	0
6	20588	198	0
6	20588	198	0
6	20590	198	0
6	20590	198	0
6	20592	198	0
6	20592	198	0
6	20668	199	0
6	20668	199	0
6	20669	199	0
6	20669	199	0
6	20711	200	0
6	20711	200	0
6	20757	201	0
6	20757	201	0
6	20808	203	0
6	20808	203	0
6	20842	204	0
6	20842	204	0
6	20847	205	0
6	20847	205	0
6	20853	206	0
6	20853	206	0
6	20854	206	0
6	20854	206	0
7	31	16	0
7	31	16	0
7	79	22	0
7	79	22	0
7	107	35	0
7	107	35	0
7	126	36	0
7	126	36	0
7	145	37	0
7	145	37	0
7	203	38	0
7	203	38	0
7	275	39	0
7	275	39	0
7	347	40	0
7	347	40	0
7	399	41	0
7	399	41	0
7	401	41	1
7	451	41	2
7	466	41	1
7	483	41	2
7	486	41	1
7	491	41	0
7	528	42	0
7	528	42	0
7	530	42	1
7	580	42	2
7	595	42	1
7	612	42	2
7	615	42	1
7	620	42	0
7	657	43	0
7	657	43	0
7	659	43	1
7	706	43	2
7	720	43	1
7	734	43	2
7	735	43	1
7	739	43	0
7	798	44	0
7	798	44	0
7	801	44	1
7	855	44	2
7	871	44	1
7	880	44	2
7	888	44	1
7	894	44	0
7	954	45	0
7	954	45	0
7	957	45	1
7	1011	45	2
7	1027	45	1
7	1041	45	0
7	1088	46	0
7	1088	46	0
7	1215	47	0
7	1215	47	0
7	1218	47	1
7	1221	47	2
7	1274	47	3
7	1288	47	2
7	1302	47	1
7	1308	47	0
7	1367	48	0
7	1367	48	0
7	1370	48	1
7	1373	48	2
7	1404	48	3
7	1414	48	2
7	1423	48	1
7	1428	48	0
7	1484	49	0
7	1484	49	0
7	1486	49	1
7	1488	49	2
7	1489	49	3
7	1546	49	2
7	1558	49	1
7	1562	49	0
7	1639	50	0
7	1639	50	0
7	1642	50	1
7	1646	50	2
7	1649	50	3
7	1711	50	2
7	1725	50	1
7	1731	50	0
7	1802	51	0
7	1802	51	0
7	1805	51	1
7	1809	51	2
7	1873	51	1
7	1883	51	0
7	1944	52	0
7	1944	52	0
7	2091	53	0
7	2091	53	0
7	2095	53	1
7	2098	53	2
7	2102	53	3
7	2168	53	2
7	2174	53	1
7	2178	53	0
7	2251	54	0
7	2251	54	0
7	2255	54	1
7	2258	54	2
7	2262	54	3
7	2309	54	2
7	2315	54	1
7	2319	54	0
7	2372	55	0
7	2372	55	0
7	2374	55	1
7	2376	55	2
7	2378	55	3
7	2417	55	2
7	2420	55	1
7	2422	55	0
7	2503	56	0
7	2503	56	0
7	2506	56	1
7	2510	56	2
7	2514	56	3
7	2578	56	2
7	2584	56	1
7	2588	56	0
7	2663	57	0
7	2663	57	0
7	2666	57	1
7	2670	57	2
7	2735	57	1
7	2740	57	0
7	2797	58	0
7	2797	58	0
7	2937	59	0
7	2937	59	0
7	2941	59	1
7	2944	59	2
7	2948	59	3
7	2996	59	2
7	3002	59	1
7	3006	59	0
7	3071	60	0
7	3071	60	0
7	3075	60	1
7	3078	60	2
7	3082	60	3
7	3142	60	2
7	3148	60	1
7	3152	60	0
7	3209	61	0
7	3209	61	0
7	3211	61	1
7	3213	61	2
7	3215	61	3
7	3249	61	2
7	3252	61	1
7	3254	61	0
7	3331	62	0
7	3331	62	0
7	3334	62	1
7	3338	62	2
7	3342	62	3
7	3400	62	2
7	3406	62	1
7	3410	62	0
7	3481	63	0
7	3481	63	0
7	3484	63	1
7	3488	63	2
7	3540	63	1
7	3545	63	0
7	3598	64	0
7	3598	64	0
7	3735	65	0
7	3735	65	0
7	3739	65	1
7	3742	65	2
7	3746	65	3
7	3812	65	2
7	3818	65	1
7	3822	65	0
7	3891	66	0
7	3891	66	0
7	3895	66	1
7	3898	66	2
7	3902	66	3
7	3941	66	2
7	3947	66	1
7	3951	66	0
7	4008	67	0
7	4008	67	0
7	4010	67	1
7	4012	67	2
7	4014	67	3
7	4053	67	2
7	4056	67	1
7	4058	67	0
7	4139	68	0
7	4139	68	0
7	4142	68	1
7	4146	68	2
7	4150	68	3
7	4211	68	2
7	4217	68	1
7	4221	68	0
7	4288	69	0
7	4288	69	0
7	4291	69	1
7	4295	69	2
7	4363	69	1
7	4368	69	0
7	4425	70	0
7	4425	70	0
7	4552	71	0
7	4552	71	0
7	4556	71	1
7	4559	71	2
7	4563	71	3
7	4608	71	2
7	4614	71	1
7	4618	71	0
7	4683	72	0
7	4683	72	0
7	4687	72	1
7	4690	72	2
7	4694	72	3
7	4741	72	2
7	4747	72	1
7	4751	72	0
7	4808	73	0
7	4808	73	0
7	4810	73	1
7	4812	73	2
7	4814	73	3
7	4845	73	2
7	4848	73	1
7	4850	73	0
7	4923	74	0
7	4923	74	0
7	4926	74	1
7	4930	74	2
7	4934	74	3
7	4997	74	2
7	5003	74	1
7	5007	74	0
7	5078	75	0
7	5078	75	0
7	5081	75	1
7	5085	75	2
7	5135	75	1
7	5140	75	0
7	5197	76	0
7	5197	76	0
7	5314	77	0
7	5314	77	0
7	5318	77	1
7	5321	77	2
7	5325	77	3
7	5388	77	2
7	5394	77	1
7	5398	77	0
7	5471	78	0
7	5471	78	0
7	5475	78	1
7	5478	78	2
7	5482	78	3
7	5524	78	2
7	5530	78	1
7	5534	78	0
7	5587	79	0
7	5587	79	0
7	5589	79	1
7	5591	79	2
7	5593	79	3
7	5627	79	2
7	5630	79	1
7	5632	79	0
7	5705	80	0
7	5705	80	0
7	5708	80	1
7	5712	80	2
7	5716	80	3
7	5769	80	2
7	5775	80	1
7	5779	80	0
7	5854	81	0
7	5854	81	0
7	5857	81	1
7	5861	81	2
7	5923	81	1
7	5928	81	0
7	5985	82	0
7	5985	82	0
7	6106	83	0
7	6106	83	0
7	6110	83	1
7	6113	83	2
7	6117	83	3
7	6178	83	2
7	6184	83	1
7	6188	83	0
7	6257	84	0
7	6257	84	0
7	6261	84	1
7	6264	84	2
7	6268	84	3
7	6315	84	2
7	6321	84	1
7	6325	84	0
7	6374	85	0
7	6374	85	0
7	6376	85	1
7	6378	85	2
7	6380	85	3
7	6411	85	2
7	6414	85	1
7	6416	85	0
7	6489	86	0
7	6489	86	0
7	6492	86	1
7	6496	86	2
7	6500	86	3
7	6558	86	2
7	6564	86	1
7	6568	86	0
7	6639	87	0
7	6639	87	0
7	6642	87	1
7	6646	87	2
7	6708	87	1
7	6713	87	0
7	6762	88	0
7	6762	88	0
7	6882	89	0
7	6882	89	0
7	6886	89	1
7	6889	89	2
7	6893	89	3
7	6948	89	2
7	6954	89	1
7	6958	89	0
7	7023	90	0
7	7023	90	0
7	7027	90	1
7	7030	90	2
7	7034	90	3
7	7073	90	2
7	7079	90	1
7	7083	90	0
7	7136	91	0
7	7136	91	0
7	7138	91	1
7	7140	91	2
7	7142	91	3
7	7179	91	2
7	7182	91	1
7	7184	91	0
7	7257	92	0
7	7257	92	0
7	7260	92	1
7	7264	92	2
7	7268	92	3
7	7318	92	2
7	7324	92	1
7	7328	92	0
7	7399	93	0
7	7399	93	0
7	7402	93	1
7	7406	93	2
7	7450	93	1
7	7455	93	0
7	7508	94	0
7	7508	94	0
7	7634	95	0
7	7634	95	0
7	7638	95	1
7	7641	95	2
7	7645	95	3
7	7711	95	2
7	7717	95	1
7	7721	95	0
7	7786	96	0
7	7786	96	0
7	7790	96	1
7	7793	96	2
7	7797	96	3
7	7836	96	2
7	7842	96	1
7	7846	96	0
7	7895	97	0
7	7895	97	0
7	7897	97	1
7	7899	97	2
7	7901	97	3
7	7938	97	2
7	7941	97	1
7	7943	97	0
7	8020	98	0
7	8020	98	0
7	8023	98	1
7	8027	98	2
7	8031	98	3
7	8081	98	2
7	8087	98	1
7	8091	98	0
7	8158	99	0
7	8158	99	0
7	8161	99	1
7	8165	99	2
7	8222	99	1
7	8227	99	0
7	8280	100	0
7	8280	100	0
7	8393	101	0
7	8393	101	0
7	8397	101	1
7	8400	101	2
7	8404	101	3
7	8470	101	2
7	8476	101	1
7	8480	101	0
7	8549	102	0
7	8549	102	0
7	8553	102	1
7	8556	102	2
7	8560	102	3
7	8599	102	2
7	8605	102	1
7	8609	102	0
7	8662	103	0
7	8662	103	0
7	8664	103	1
7	8666	103	2
7	8668	103	3
7	8704	103	2
7	8707	103	1
7	8709	103	0
7	8782	104	0
7	8782	104	0
7	8785	104	1
7	8789	104	2
7	8793	104	3
7	8838	104	2
7	8844	104	1
7	8848	104	0
7	8915	105	0
7	8915	105	0
7	8918	105	1
7	8922	105	2
7	8981	105	1
7	8986	105	0
7	9039	106	0
7	9039	106	0
7	9152	107	0
7	9152	107	0
7	9156	107	1
7	9159	107	2
7	9163	107	3
7	9221	107	2
7	9227	107	1
7	9231	107	0
7	9300	108	0
7	9300	108	0
7	9304	108	1
7	9307	108	2
7	9311	108	3
7	9358	108	2
7	9364	108	1
7	9368	108	0
7	9417	109	0
7	9417	109	0
7	9419	109	1
7	9421	109	2
7	9423	109	3
7	9454	109	2
7	9457	109	1
7	9459	109	0
7	9540	110	0
7	9540	110	0
7	9543	110	1
7	9547	110	2
7	9551	110	3
7	9598	110	2
7	9604	110	1
7	9608	110	0
7	9675	111	0
7	9675	111	0
7	9678	111	1
7	9682	111	2
7	9739	111	1
7	9744	111	0
7	9797	112	0
7	9797	112	0
7	9923	113	0
7	9923	113	0
7	9927	113	1
7	9930	113	2
7	9934	113	3
7	9987	113	2
7	9993	113	1
7	9997	113	0
7	10062	114	0
7	10062	114	0
7	10066	114	1
7	10069	114	2
7	10073	114	3
7	10120	114	2
7	10126	114	1
7	10130	114	0
7	10179	115	0
7	10179	115	0
7	10181	115	1
7	10183	115	2
7	10185	115	3
7	10229	115	2
7	10232	115	1
7	10234	115	0
7	10315	116	0
7	10315	116	0
7	10318	116	1
7	10322	116	2
7	10326	116	3
7	10384	116	2
7	10390	116	1
7	10394	116	0
7	10461	117	0
7	10461	117	0
7	10464	117	1
7	10468	117	2
7	10520	117	1
7	10525	117	0
7	10574	118	0
7	10574	118	0
7	10700	119	0
7	10700	119	0
7	10704	119	1
7	10707	119	2
7	10711	119	3
7	10769	119	2
7	10775	119	1
7	10779	119	0
7	10844	120	0
7	10844	120	0
7	10848	120	1
7	10851	120	2
7	10855	120	3
7	10902	120	2
7	10908	120	1
7	10912	120	0
7	10961	121	0
7	10961	121	0
7	10963	121	1
7	10965	121	2
7	10967	121	3
7	11009	121	2
7	11012	121	1
7	11014	121	0
7	11087	122	0
7	11087	122	0
7	11090	122	1
7	11094	122	2
7	11098	122	3
7	11156	122	2
7	11162	122	1
7	11166	122	0
7	11233	123	0
7	11233	123	0
7	11236	123	1
7	11240	123	2
7	11302	123	1
7	11307	123	0
7	11356	124	0
7	11356	124	0
7	11469	125	0
7	11469	125	0
7	11473	125	1
7	11476	125	2
7	11480	125	3
7	11538	125	2
7	11544	125	1
7	11548	125	0
7	11613	126	0
7	11613	126	0
7	11617	126	1
7	11620	126	2
7	11624	126	3
7	11668	126	2
7	11674	126	1
7	11678	126	0
7	11727	127	0
7	11727	127	0
7	11729	127	1
7	11731	127	2
7	11733	127	3
7	11775	127	2
7	11778	127	1
7	11780	127	0
7	11853	128	0
7	11853	128	0
7	11856	128	1
7	11860	128	2
7	11864	128	3
7	11922	128	2
7	11928	128	1
7	11932	128	0
7	11999	129	0
7	11999	129	0
7	12002	129	1
7	12006	129	2
7	12068	129	1
7	12073	129	0
7	12122	130	0
7	12122	130	0
7	12235	131	0
7	12235	131	0
7	12239	131	1
7	12242	131	2
7	12246	131	3
7	12309	131	2
7	12315	131	1
7	12319	131	0
7	12384	132	0
7	12384	132	0
7	12388	132	1
7	12391	132	2
7	12395	132	3
7	12452	132	2
7	12458	132	1
7	12462	132	0
7	12511	133	0
7	12511	133	0
7	12513	133	1
7	12515	133	2
7	12517	133	3
7	12556	133	2
7	12559	133	1
7	12561	133	0
7	12634	134	0
7	12634	134	0
7	12637	134	1
7	12641	134	2
7	12645	134	3
7	12703	134	2
7	12709	134	1
7	12713	134	0
7	12778	135	0
7	12778	135	0
7	12781	135	1
7	12785	135	2
7	12845	135	1
7	12851	135	0
7	12900	136	0
7	12900	136	0
7	13018	137	0
7	13018	137	0
7	13022	137	1
7	13025	137	2
7	13028	137	3
7	13086	137	2
7	13096	137	1
7	13101	137	0
7	13164	138	0
7	13164	138	0
7	13168	138	1
7	13171	138	2
7	13174	138	3
7	13213	138	2
7	13223	138	1
7	13228	138	0
7	13275	139	0
7	13275	139	0
7	13277	139	1
7	13279	139	2
7	13280	139	3
7	13324	139	2
7	13331	139	1
7	13334	139	0
7	13405	140	0
7	13405	140	0
7	13408	140	1
7	13412	140	2
7	13415	140	3
7	13473	140	2
7	13483	140	1
7	13488	140	0
7	13553	141	0
7	13553	141	0
7	13556	141	1
7	13560	141	2
7	13620	141	1
7	13626	141	0
7	13675	142	0
7	13675	142	0
7	13793	143	0
7	13793	143	0
7	13797	143	1
7	13800	143	2
7	13803	143	3
7	13861	143	2
7	13871	143	1
7	13876	143	0
7	13939	144	0
7	13939	144	0
7	13943	144	1
7	13946	144	2
7	13949	144	3
7	13988	144	2
7	13998	144	1
7	14003	144	0
7	14050	145	0
7	14050	145	0
7	14052	145	1
7	14054	145	2
7	14055	145	3
7	14099	145	2
7	14106	145	1
7	14109	145	0
7	14180	146	0
7	14180	146	0
7	14183	146	1
7	14187	146	2
7	14190	146	3
7	14248	146	2
7	14258	146	1
7	14263	146	0
7	14328	147	0
7	14328	147	0
7	14331	147	1
7	14335	147	2
7	14395	147	1
7	14401	147	0
7	14450	148	0
7	14450	148	0
7	14568	149	0
7	14568	149	0
7	14572	149	1
7	14575	149	2
7	14578	149	3
7	14636	149	2
7	14646	149	1
7	14651	149	0
7	14714	150	0
7	14714	150	0
7	14718	150	1
7	14721	150	2
7	14724	150	3
7	14763	150	2
7	14773	150	1
7	14778	150	0
7	14825	151	0
7	14825	151	0
7	14827	151	1
7	14829	151	2
7	14830	151	3
7	14874	151	2
7	14881	151	1
7	14884	151	0
7	14955	152	0
7	14955	152	0
7	14958	152	1
7	14962	152	2
7	14965	152	3
7	15023	152	2
7	15033	152	1
7	15038	152	0
7	15103	153	0
7	15103	153	0
7	15106	153	1
7	15110	153	2
7	15170	153	1
7	15176	153	0
7	15225	154	0
7	15225	154	0
7	15343	155	0
7	15343	155	0
7	15347	155	1
7	15350	155	2
7	15353	155	3
7	15411	155	2
7	15421	155	1
7	15426	155	0
7	15489	156	0
7	15489	156	0
7	15493	156	1
7	15496	156	2
7	15499	156	3
7	15538	156	2
7	15548	156	1
7	15553	156	0
7	15600	157	0
7	15600	157	0
7	15602	157	1
7	15604	157	2
7	15605	157	3
7	15649	157	2
7	15656	157	1
7	15659	157	0
7	15730	158	0
7	15730	158	0
7	15733	158	1
7	15737	158	2
7	15740	158	3
7	15798	158	2
7	15808	158	1
7	15813	158	0
7	15878	159	0
7	15878	159	0
7	15881	159	1
7	15885	159	2
7	15945	159	1
7	15951	159	0
7	16000	160	0
7	16000	160	0
7	16118	161	0
7	16118	161	0
7	16122	161	1
7	16125	161	2
7	16128	161	3
7	16186	161	2
7	16196	161	1
7	16201	161	0
7	16264	162	0
7	16264	162	0
7	16268	162	1
7	16271	162	2
7	16274	162	3
7	16313	162	2
7	16323	162	1
7	16328	162	0
7	16375	163	0
7	16375	163	0
7	16377	163	1
7	16379	163	2
7	16380	163	3
7	16424	163	2
7	16431	163	1
7	16434	163	0
7	16505	164	0
7	16505	164	0
7	16508	164	1
7	16512	164	2
7	16515	164	3
7	16573	164	2
7	16583	164	1
7	16588	164	0
7	16653	165	0
7	16653	165	0
7	16656	165	1
7	16660	165	2
7	16720	165	1
7	16726	165	0
7	16775	166	0
7	16775	166	0
7	16893	167	0
7	16893	167	0
7	16897	167	1
7	16900	167	2
7	16903	167	3
7	16961	167	2
7	16971	167	1
7	16976	167	0
7	17039	168	0
7	17039	168	0
7	17043	168	1
7	17046	168	2
7	17049	168	3
7	17088	168	2
7	17098	168	1
7	17103	168	0
7	17150	169	0
7	17150	169	0
7	17152	169	1
7	17154	169	2
7	17155	169	3
7	17199	169	2
7	17206	169	1
7	17209	169	0
7	17280	170	0
7	17280	170	0
7	17283	170	1
7	17287	170	2
7	17290	170	3
7	17348	170	2
7	17358	170	1
7	17363	170	0
7	17428	171	0
7	17428	171	0
7	17431	171	1
7	17435	171	2
7	17495	171	1
7	17501	171	0
7	17550	172	0
7	17550	172	0
7	17668	173	0
7	17668	173	0
7	17672	173	1
7	17675	173	2
7	17678	173	3
7	17736	173	2
7	17746	173	1
7	17751	173	0
7	17814	174	0
7	17814	174	0
7	17818	174	1
7	17821	174	2
7	17824	174	3
7	17863	174	2
7	17873	174	1
7	17878	174	0
7	17925	175	0
7	17925	175	0
7	17927	175	1
7	17929	175	2
7	17930	175	3
7	17974	175	2
7	17981	175	1
7	17984	175	0
7	18055	176	0
7	18055	176	0
7	18058	176	1
7	18062	176	2
7	18065	176	3
7	18123	176	2
7	18133	176	1
7	18138	176	0
7	18203	177	0
7	18203	177	0
7	18206	177	1
7	18210	177	2
7	18270	177	1
7	18276	177	0
7	18325	178	0
7	18325	178	0
7	18443	179	0
7	18443	179	0
7	18447	179	1
7	18450	179	2
7	18453	179	3
7	18511	179	2
7	18521	179	1
7	18526	179	0
7	18589	180	0
7	18589	180	0
7	18593	180	1
7	18596	180	2
7	18599	180	3
7	18638	180	2
7	18648	180	1
7	18653	180	0
7	18700	181	0
7	18700	181	0
7	18702	181	1
7	18704	181	2
7	18705	181	3
7	18749	181	2
7	18756	181	1
7	18759	181	0
7	18830	182	0
7	18830	182	0
7	18833	182	1
7	18837	182	2
7	18840	182	3
7	18898	182	2
7	18908	182	1
7	18913	182	0
7	18978	183	0
7	18978	183	0
7	18981	183	1
7	18985	183	2
7	19045	183	1
7	19051	183	0
7	19100	184	0
7	19100	184	0
7	19218	185	0
7	19218	185	0
7	19222	185	1
7	19225	185	2
7	19228	185	3
7	19286	185	2
7	19296	185	1
7	19301	185	0
7	19364	186	0
7	19364	186	0
7	19368	186	1
7	19371	186	2
7	19374	186	3
7	19413	186	2
7	19423	186	1
7	19428	186	0
7	19475	187	0
7	19475	187	0
7	19477	187	1
7	19479	187	2
7	19480	187	3
7	19521	187	2
7	19524	187	1
7	19526	187	0
7	19597	188	0
7	19597	188	0
7	19600	188	1
7	19604	188	2
7	19607	188	3
7	19662	188	2
7	19668	188	1
7	19672	188	0
7	19737	189	0
7	19737	189	0
7	19740	189	1
7	19744	189	2
7	19801	189	1
7	19807	189	0
7	19854	190	0
7	19854	190	0
7	19967	191	0
7	19967	191	0
7	19971	191	1
7	19974	191	2
7	20027	191	3
7	20034	191	2
7	20040	191	1
7	20044	191	0
7	20103	192	0
7	20103	192	0
7	20107	192	1
7	20144	192	2
7	20150	192	1
7	20156	192	0
7	20201	193	0
7	20201	193	0
7	20203	193	1
7	20233	193	2
7	20235	193	1
7	20238	193	0
7	20305	194	0
7	20305	194	0
7	20308	194	1
7	20347	194	2
7	20351	194	1
7	20356	194	0
7	20409	195	0
7	20409	195	0
7	20412	195	1
7	20444	195	2
7	20447	195	1
7	20452	195	0
7	20540	197	0
7	20540	197	0
7	20542	197	1
7	20574	197	2
7	20575	197	1
7	20579	197	0
7	20624	198	0
7	20624	198	0
7	20626	198	1
7	20658	198	2
7	20659	198	1
7	20663	198	0
7	20680	199	0
7	20680	199	0
7	20701	199	1
7	20702	199	0
7	20747	200	0
7	20747	200	0
7	20865	206	0
7	20865	206	0
8	8	13	0
8	8	13	0
9	14	13	0
9	14	13	0
10	36	19	0
10	36	19	0
10	88	25	0
10	88	25	0
10	150	38	0
10	150	38	0
10	222	39	0
10	222	39	0
10	294	40	0
10	294	40	0
10	370	41	0
10	370	41	0
10	499	42	0
10	499	42	0
10	628	43	0
10	628	43	0
10	750	44	0
10	750	44	0
10	752	44	0
10	752	44	0
10	754	44	0
10	754	44	0
10	755	44	0
10	755	44	0
10	906	45	0
10	906	45	0
10	908	45	0
10	908	45	0
10	910	45	0
10	910	45	0
10	911	45	0
10	911	45	0
10	1055	46	0
10	1055	46	0
10	1056	46	0
10	1056	46	0
10	1057	46	0
10	1057	46	0
10	1058	46	0
10	1058	46	0
10	1162	47	0
10	1162	47	0
10	1164	47	0
10	1164	47	0
10	1166	47	0
10	1166	47	0
10	1168	47	0
10	1168	47	0
10	1322	48	0
10	1322	48	0
10	1324	48	0
10	1324	48	0
10	1326	48	0
10	1326	48	0
10	1446	49	0
10	1446	49	0
10	1582	50	0
10	1582	50	0
10	1584	50	0
10	1584	50	0
10	1586	50	0
10	1586	50	0
10	1588	50	0
10	1588	50	0
10	1751	51	0
10	1751	51	0
10	1753	51	0
10	1753	51	0
10	1755	51	0
10	1755	51	0
10	1757	51	0
10	1757	51	0
10	1909	52	0
10	1909	52	0
10	1910	52	0
10	1910	52	0
10	1911	52	0
10	1911	52	0
10	1912	52	0
10	1912	52	0
10	2032	53	0
10	2032	53	0
10	2034	53	0
10	2034	53	0
10	2036	53	0
10	2036	53	0
10	2038	53	0
10	2038	53	0
10	2200	54	0
10	2200	54	0
10	2202	54	0
10	2202	54	0
10	2204	54	0
10	2204	54	0
10	2332	55	0
10	2332	55	0
10	2441	56	0
10	2441	56	0
10	2443	56	0
10	2443	56	0
10	2445	56	0
10	2445	56	0
10	2447	56	0
10	2447	56	0
10	2607	57	0
10	2607	57	0
10	2609	57	0
10	2609	57	0
10	2611	57	0
10	2611	57	0
10	2613	57	0
10	2613	57	0
10	2760	58	0
10	2760	58	0
10	2761	58	0
10	2761	58	0
10	2762	58	0
10	2762	58	0
10	2763	58	0
10	2763	58	0
10	2878	59	0
10	2878	59	0
10	2880	59	0
10	2880	59	0
10	2882	59	0
10	2882	59	0
10	2884	59	0
10	2884	59	0
10	3020	60	0
10	3020	60	0
10	3022	60	0
10	3022	60	0
10	3024	60	0
10	3024	60	0
10	3169	61	0
10	3169	61	0
10	3269	62	0
10	3269	62	0
10	3271	62	0
10	3271	62	0
10	3273	62	0
10	3273	62	0
10	3275	62	0
10	3275	62	0
10	3425	63	0
10	3425	63	0
10	3427	63	0
10	3427	63	0
10	3429	63	0
10	3429	63	0
10	3431	63	0
10	3431	63	0
10	3561	64	0
10	3561	64	0
10	3562	64	0
10	3562	64	0
10	3563	64	0
10	3563	64	0
10	3564	64	0
10	3564	64	0
10	3676	65	0
10	3676	65	0
10	3678	65	0
10	3678	65	0
10	3680	65	0
10	3680	65	0
10	3682	65	0
10	3682	65	0
10	3840	66	0
10	3840	66	0
10	3842	66	0
10	3842	66	0
10	3844	66	0
10	3844	66	0
10	3968	67	0
10	3968	67	0
10	4077	68	0
10	4077	68	0
10	4079	68	0
10	4079	68	0
10	4081	68	0
10	4081	68	0
10	4083	68	0
10	4083	68	0
10	4232	69	0
10	4232	69	0
10	4234	69	0
10	4234	69	0
10	4236	69	0
10	4236	69	0
10	4238	69	0
10	4238	69	0
10	4388	70	0
10	4388	70	0
10	4389	70	0
10	4389	70	0
10	4390	70	0
10	4390	70	0
10	4391	70	0
10	4391	70	0
10	4493	71	0
10	4493	71	0
10	4495	71	0
10	4495	71	0
10	4497	71	0
10	4497	71	0
10	4499	71	0
10	4499	71	0
10	4632	72	0
10	4632	72	0
10	4634	72	0
10	4634	72	0
10	4636	72	0
10	4636	72	0
10	4768	73	0
10	4768	73	0
10	4861	74	0
10	4861	74	0
10	4863	74	0
10	4863	74	0
10	4865	74	0
10	4865	74	0
10	4867	74	0
10	4867	74	0
10	5022	75	0
10	5022	75	0
10	5024	75	0
10	5024	75	0
10	5026	75	0
10	5026	75	0
10	5028	75	0
10	5028	75	0
10	5160	76	0
10	5160	76	0
10	5161	76	0
10	5161	76	0
10	5162	76	0
10	5162	76	0
10	5163	76	0
10	5163	76	0
10	5255	77	0
10	5255	77	0
10	5257	77	0
10	5257	77	0
10	5259	77	0
10	5259	77	0
10	5261	77	0
10	5261	77	0
10	5420	78	0
10	5420	78	0
10	5422	78	0
10	5422	78	0
10	5424	78	0
10	5424	78	0
10	5547	79	0
10	5547	79	0
10	5643	80	0
10	5643	80	0
10	5645	80	0
10	5645	80	0
10	5647	80	0
10	5647	80	0
10	5649	80	0
10	5649	80	0
10	5798	81	0
10	5798	81	0
10	5800	81	0
10	5800	81	0
10	5802	81	0
10	5802	81	0
10	5804	81	0
10	5804	81	0
10	5948	82	0
10	5948	82	0
10	5949	82	0
10	5949	82	0
10	5950	82	0
10	5950	82	0
10	5951	82	0
10	5951	82	0
10	6047	83	0
10	6047	83	0
10	6049	83	0
10	6049	83	0
10	6051	83	0
10	6051	83	0
10	6053	83	0
10	6053	83	0
10	6206	84	0
10	6206	84	0
10	6208	84	0
10	6208	84	0
10	6210	84	0
10	6210	84	0
10	6334	85	0
10	6334	85	0
10	6427	86	0
10	6427	86	0
10	6429	86	0
10	6429	86	0
10	6431	86	0
10	6431	86	0
10	6433	86	0
10	6433	86	0
10	6583	87	0
10	6583	87	0
10	6585	87	0
10	6585	87	0
10	6587	87	0
10	6587	87	0
10	6589	87	0
10	6589	87	0
10	6725	88	0
10	6725	88	0
10	6726	88	0
10	6726	88	0
10	6727	88	0
10	6727	88	0
10	6728	88	0
10	6728	88	0
10	6823	89	0
10	6823	89	0
10	6825	89	0
10	6825	89	0
10	6827	89	0
10	6827	89	0
10	6829	89	0
10	6829	89	0
10	6972	90	0
10	6972	90	0
10	6974	90	0
10	6974	90	0
10	6976	90	0
10	6976	90	0
10	7096	91	0
10	7096	91	0
10	7195	92	0
10	7195	92	0
10	7197	92	0
10	7197	92	0
10	7199	92	0
10	7199	92	0
10	7201	92	0
10	7201	92	0
10	7343	93	0
10	7343	93	0
10	7345	93	0
10	7345	93	0
10	7347	93	0
10	7347	93	0
10	7349	93	0
10	7349	93	0
10	7471	94	0
10	7471	94	0
10	7472	94	0
10	7472	94	0
10	7473	94	0
10	7473	94	0
10	7474	94	0
10	7474	94	0
10	7575	95	0
10	7575	95	0
10	7577	95	0
10	7577	95	0
10	7579	95	0
10	7579	95	0
10	7581	95	0
10	7581	95	0
10	7735	96	0
10	7735	96	0
10	7737	96	0
10	7737	96	0
10	7739	96	0
10	7739	96	0
10	7855	97	0
10	7855	97	0
10	7958	98	0
10	7958	98	0
10	7960	98	0
10	7960	98	0
10	7962	98	0
10	7962	98	0
10	7964	98	0
10	7964	98	0
10	8102	99	0
10	8102	99	0
10	8104	99	0
10	8104	99	0
10	8106	99	0
10	8106	99	0
10	8108	99	0
10	8108	99	0
10	8243	100	0
10	8243	100	0
10	8244	100	0
10	8244	100	0
10	8245	100	0
10	8245	100	0
10	8246	100	0
10	8246	100	0
10	8334	101	0
10	8334	101	0
10	8336	101	0
10	8336	101	0
10	8338	101	0
10	8338	101	0
10	8340	101	0
10	8340	101	0
10	8498	102	0
10	8498	102	0
10	8500	102	0
10	8500	102	0
10	8502	102	0
10	8502	102	0
10	8622	103	0
10	8622	103	0
10	8720	104	0
10	8720	104	0
10	8722	104	0
10	8722	104	0
10	8724	104	0
10	8724	104	0
10	8726	104	0
10	8726	104	0
10	8859	105	0
10	8859	105	0
10	8861	105	0
10	8861	105	0
10	8863	105	0
10	8863	105	0
10	8865	105	0
10	8865	105	0
10	9002	106	0
10	9002	106	0
10	9003	106	0
10	9003	106	0
10	9004	106	0
10	9004	106	0
10	9005	106	0
10	9005	106	0
10	9093	107	0
10	9093	107	0
10	9095	107	0
10	9095	107	0
10	9097	107	0
10	9097	107	0
10	9099	107	0
10	9099	107	0
10	9249	108	0
10	9249	108	0
10	9251	108	0
10	9251	108	0
10	9253	108	0
10	9253	108	0
10	9377	109	0
10	9377	109	0
10	9478	110	0
10	9478	110	0
10	9480	110	0
10	9480	110	0
10	9482	110	0
10	9482	110	0
10	9484	110	0
10	9484	110	0
10	9619	111	0
10	9619	111	0
10	9621	111	0
10	9621	111	0
10	9623	111	0
10	9623	111	0
10	9625	111	0
10	9625	111	0
10	9760	112	0
10	9760	112	0
10	9761	112	0
10	9761	112	0
10	9762	112	0
10	9762	112	0
10	9763	112	0
10	9763	112	0
10	9864	113	0
10	9864	113	0
10	9866	113	0
10	9866	113	0
10	9868	113	0
10	9868	113	0
10	9870	113	0
10	9870	113	0
10	10011	114	0
10	10011	114	0
10	10013	114	0
10	10013	114	0
10	10015	114	0
10	10015	114	0
10	10139	115	0
10	10139	115	0
10	10253	116	0
10	10253	116	0
10	10255	116	0
10	10255	116	0
10	10257	116	0
10	10257	116	0
10	10259	116	0
10	10259	116	0
10	10405	117	0
10	10405	117	0
10	10407	117	0
10	10407	117	0
10	10409	117	0
10	10409	117	0
10	10411	117	0
10	10411	117	0
10	10537	118	0
10	10537	118	0
10	10538	118	0
10	10538	118	0
10	10539	118	0
10	10539	118	0
10	10540	118	0
10	10540	118	0
10	10641	119	0
10	10641	119	0
10	10643	119	0
10	10643	119	0
10	10645	119	0
10	10645	119	0
10	10647	119	0
10	10647	119	0
10	10793	120	0
10	10793	120	0
10	10795	120	0
10	10795	120	0
10	10797	120	0
10	10797	120	0
10	10921	121	0
10	10921	121	0
10	11025	122	0
10	11025	122	0
10	11027	122	0
10	11027	122	0
10	11029	122	0
10	11029	122	0
10	11031	122	0
10	11031	122	0
10	11177	123	0
10	11177	123	0
10	11179	123	0
10	11179	123	0
10	11181	123	0
10	11181	123	0
10	11183	123	0
10	11183	123	0
10	11319	124	0
10	11319	124	0
10	11320	124	0
10	11320	124	0
10	11321	124	0
10	11321	124	0
10	11322	124	0
10	11322	124	0
10	11410	125	0
10	11410	125	0
10	11412	125	0
10	11412	125	0
10	11414	125	0
10	11414	125	0
10	11416	125	0
10	11416	125	0
10	11562	126	0
10	11562	126	0
10	11564	126	0
10	11564	126	0
10	11566	126	0
10	11566	126	0
10	11687	127	0
10	11687	127	0
10	11791	128	0
10	11791	128	0
10	11793	128	0
10	11793	128	0
10	11795	128	0
10	11795	128	0
10	11797	128	0
10	11797	128	0
10	11943	129	0
10	11943	129	0
10	11945	129	0
10	11945	129	0
10	11947	129	0
10	11947	129	0
10	11949	129	0
10	11949	129	0
10	12085	130	0
10	12085	130	0
10	12086	130	0
10	12086	130	0
10	12087	130	0
10	12087	130	0
10	12088	130	0
10	12088	130	0
10	12176	131	0
10	12176	131	0
10	12178	131	0
10	12178	131	0
10	12180	131	0
10	12180	131	0
10	12182	131	0
10	12182	131	0
10	12333	132	0
10	12333	132	0
10	12335	132	0
10	12335	132	0
10	12337	132	0
10	12337	132	0
10	12471	133	0
10	12471	133	0
10	12572	134	0
10	12572	134	0
10	12574	134	0
10	12574	134	0
10	12576	134	0
10	12576	134	0
10	12578	134	0
10	12578	134	0
10	12724	135	0
10	12724	135	0
10	12726	135	0
10	12726	135	0
10	12728	135	0
10	12728	135	0
10	12730	135	0
10	12730	135	0
10	12863	136	0
10	12863	136	0
10	12864	136	0
10	12864	136	0
10	12865	136	0
10	12865	136	0
10	12866	136	0
10	12866	136	0
10	12961	137	0
10	12961	137	0
10	12963	137	0
10	12963	137	0
10	12965	137	0
10	12965	137	0
10	12967	137	0
10	12967	137	0
10	13115	138	0
10	13115	138	0
10	13117	138	0
10	13117	138	0
10	13119	138	0
10	13119	138	0
10	13237	139	0
10	13237	139	0
10	13345	140	0
10	13345	140	0
10	13347	140	0
10	13347	140	0
10	13349	140	0
10	13349	140	0
10	13351	140	0
10	13351	140	0
10	13499	141	0
10	13499	141	0
10	13501	141	0
10	13501	141	0
10	13503	141	0
10	13503	141	0
10	13505	141	0
10	13505	141	0
10	13638	142	0
10	13638	142	0
10	13639	142	0
10	13639	142	0
10	13640	142	0
10	13640	142	0
10	13641	142	0
10	13641	142	0
10	13736	143	0
10	13736	143	0
10	13738	143	0
10	13738	143	0
10	13740	143	0
10	13740	143	0
10	13742	143	0
10	13742	143	0
10	13890	144	0
10	13890	144	0
10	13892	144	0
10	13892	144	0
10	13894	144	0
10	13894	144	0
10	14012	145	0
10	14012	145	0
10	14120	146	0
10	14120	146	0
10	14122	146	0
10	14122	146	0
10	14124	146	0
10	14124	146	0
10	14126	146	0
10	14126	146	0
10	14274	147	0
10	14274	147	0
10	14276	147	0
10	14276	147	0
10	14278	147	0
10	14278	147	0
10	14280	147	0
10	14280	147	0
10	14413	148	0
10	14413	148	0
10	14414	148	0
10	14414	148	0
10	14415	148	0
10	14415	148	0
10	14416	148	0
10	14416	148	0
10	14511	149	0
10	14511	149	0
10	14513	149	0
10	14513	149	0
10	14515	149	0
10	14515	149	0
10	14517	149	0
10	14517	149	0
10	14665	150	0
10	14665	150	0
10	14667	150	0
10	14667	150	0
10	14669	150	0
10	14669	150	0
10	14787	151	0
10	14787	151	0
10	14895	152	0
10	14895	152	0
10	14897	152	0
10	14897	152	0
10	14899	152	0
10	14899	152	0
10	14901	152	0
10	14901	152	0
10	15049	153	0
10	15049	153	0
10	15051	153	0
10	15051	153	0
10	15053	153	0
10	15053	153	0
10	15055	153	0
10	15055	153	0
10	15188	154	0
10	15188	154	0
10	15189	154	0
10	15189	154	0
10	15190	154	0
10	15190	154	0
10	15191	154	0
10	15191	154	0
10	15286	155	0
10	15286	155	0
10	15288	155	0
10	15288	155	0
10	15290	155	0
10	15290	155	0
10	15292	155	0
10	15292	155	0
10	15440	156	0
10	15440	156	0
10	15442	156	0
10	15442	156	0
10	15444	156	0
10	15444	156	0
10	15562	157	0
10	15562	157	0
10	15670	158	0
10	15670	158	0
10	15672	158	0
10	15672	158	0
10	15674	158	0
10	15674	158	0
10	15676	158	0
10	15676	158	0
10	15824	159	0
10	15824	159	0
10	15826	159	0
10	15826	159	0
10	15828	159	0
10	15828	159	0
10	15830	159	0
10	15830	159	0
10	15963	160	0
10	15963	160	0
10	15964	160	0
10	15964	160	0
10	15965	160	0
10	15965	160	0
10	15966	160	0
10	15966	160	0
10	16061	161	0
10	16061	161	0
10	16063	161	0
10	16063	161	0
10	16065	161	0
10	16065	161	0
10	16067	161	0
10	16067	161	0
10	16215	162	0
10	16215	162	0
10	16217	162	0
10	16217	162	0
10	16219	162	0
10	16219	162	0
10	16337	163	0
10	16337	163	0
10	16445	164	0
10	16445	164	0
10	16447	164	0
10	16447	164	0
10	16449	164	0
10	16449	164	0
10	16451	164	0
10	16451	164	0
10	16599	165	0
10	16599	165	0
10	16601	165	0
10	16601	165	0
10	16603	165	0
10	16603	165	0
10	16605	165	0
10	16605	165	0
10	16738	166	0
10	16738	166	0
10	16739	166	0
10	16739	166	0
10	16740	166	0
10	16740	166	0
10	16741	166	0
10	16741	166	0
10	16836	167	0
10	16836	167	0
10	16838	167	0
10	16838	167	0
10	16840	167	0
10	16840	167	0
10	16842	167	0
10	16842	167	0
10	16990	168	0
10	16990	168	0
10	16992	168	0
10	16992	168	0
10	16994	168	0
10	16994	168	0
10	17112	169	0
10	17112	169	0
10	17220	170	0
10	17220	170	0
10	17222	170	0
10	17222	170	0
10	17224	170	0
10	17224	170	0
10	17226	170	0
10	17226	170	0
10	17374	171	0
10	17374	171	0
10	17376	171	0
10	17376	171	0
10	17378	171	0
10	17378	171	0
10	17380	171	0
10	17380	171	0
10	17513	172	0
10	17513	172	0
10	17514	172	0
10	17514	172	0
10	17515	172	0
10	17515	172	0
10	17516	172	0
10	17516	172	0
10	17611	173	0
10	17611	173	0
10	17613	173	0
10	17613	173	0
10	17615	173	0
10	17615	173	0
10	17617	173	0
10	17617	173	0
10	17765	174	0
10	17765	174	0
10	17767	174	0
10	17767	174	0
10	17769	174	0
10	17769	174	0
10	17887	175	0
10	17887	175	0
10	17995	176	0
10	17995	176	0
10	17997	176	0
10	17997	176	0
10	17999	176	0
10	17999	176	0
10	18001	176	0
10	18001	176	0
10	18149	177	0
10	18149	177	0
10	18151	177	0
10	18151	177	0
10	18153	177	0
10	18153	177	0
10	18155	177	0
10	18155	177	0
10	18288	178	0
10	18288	178	0
10	18289	178	0
10	18289	178	0
10	18290	178	0
10	18290	178	0
10	18291	178	0
10	18291	178	0
10	18386	179	0
10	18386	179	0
10	18388	179	0
10	18388	179	0
10	18390	179	0
10	18390	179	0
10	18392	179	0
10	18392	179	0
10	18540	180	0
10	18540	180	0
10	18542	180	0
10	18542	180	0
10	18544	180	0
10	18544	180	0
10	18662	181	0
10	18662	181	0
10	18770	182	0
10	18770	182	0
10	18772	182	0
10	18772	182	0
10	18774	182	0
10	18774	182	0
10	18776	182	0
10	18776	182	0
10	18924	183	0
10	18924	183	0
10	18926	183	0
10	18926	183	0
10	18928	183	0
10	18928	183	0
10	18930	183	0
10	18930	183	0
10	19063	184	0
10	19063	184	0
10	19064	184	0
10	19064	184	0
10	19065	184	0
10	19065	184	0
10	19066	184	0
10	19066	184	0
10	19161	185	0
10	19161	185	0
10	19163	185	0
10	19163	185	0
10	19165	185	0
10	19165	185	0
10	19167	185	0
10	19167	185	0
10	19315	186	0
10	19315	186	0
10	19317	186	0
10	19317	186	0
10	19319	186	0
10	19319	186	0
10	19437	187	0
10	19437	187	0
10	19537	188	0
10	19537	188	0
10	19539	188	0
10	19539	188	0
10	19541	188	0
10	19541	188	0
10	19543	188	0
10	19543	188	0
10	19683	189	0
10	19683	189	0
10	19685	189	0
10	19685	189	0
10	19687	189	0
10	19687	189	0
10	19689	189	0
10	19689	189	0
10	19819	190	0
10	19819	190	0
10	19820	190	0
10	19820	190	0
10	19821	190	0
10	19821	190	0
10	19822	190	0
10	19822	190	0
10	19912	191	0
10	19912	191	0
10	19914	191	0
10	19914	191	0
10	19916	191	0
10	19916	191	0
10	19918	191	0
10	19918	191	0
10	20058	192	0
10	20058	192	0
10	20060	192	0
10	20060	192	0
10	20062	192	0
10	20062	192	0
10	20167	193	0
10	20167	193	0
10	20249	194	0
10	20249	194	0
10	20251	194	0
10	20251	194	0
10	20253	194	0
10	20253	194	0
10	20255	194	0
10	20255	194	0
10	20368	195	0
10	20368	195	0
10	20370	195	0
10	20370	195	0
10	20372	195	0
10	20372	195	0
10	20461	196	0
10	20461	196	0
10	20462	196	0
10	20462	196	0
10	20463	196	0
10	20463	196	0
10	20501	197	0
10	20501	197	0
10	20503	197	0
10	20503	197	0
10	20505	197	0
10	20505	197	0
10	20589	198	0
10	20589	198	0
10	20591	198	0
10	20591	198	0
10	20593	198	0
10	20593	198	0
10	20710	200	0
10	20710	200	0
10	20712	200	0
10	20712	200	0
10	20713	200	0
10	20713	200	0
10	20756	201	0
10	20756	201	0
10	20758	201	0
10	20758	201	0
10	20759	201	0
10	20759	201	0
10	20786	202	0
10	20786	202	0
10	20787	202	0
10	20787	202	0
10	20809	203	0
10	20809	203	0
10	20874	209	0
10	20874	209	0
11	44	19	0
11	44	19	0
11	60	19	1
11	61	19	0
11	158	38	0
11	158	38	0
11	183	38	1
11	205	38	0
11	214	38	1
11	217	38	0
11	230	39	0
11	230	39	0
11	255	39	1
11	277	39	0
11	286	39	1
11	289	39	0
11	302	40	0
11	302	40	0
11	327	40	1
11	349	40	0
11	358	40	1
11	361	40	0
11	397	41	0
11	397	41	0
11	449	41	1
11	464	41	0
11	475	41	1
11	484	41	0
11	526	42	0
11	526	42	0
11	578	42	1
11	593	42	0
11	604	42	1
11	613	42	0
11	655	43	0
11	655	43	0
11	797	44	0
11	797	44	0
11	800	44	1
11	803	44	2
11	805	44	3
11	869	44	2
11	886	44	1
11	892	44	0
11	953	45	0
11	953	45	0
11	956	45	1
11	959	45	2
11	961	45	3
11	1025	45	2
11	1039	45	1
11	1045	45	0
11	1089	46	0
11	1089	46	0
11	1090	46	1
11	1091	46	2
11	1093	46	3
11	1139	46	2
11	1147	46	1
11	1150	46	0
11	1217	47	0
11	1217	47	0
11	1220	47	1
11	1222	47	2
11	1224	47	3
11	1290	47	2
11	1304	47	1
11	1310	47	0
11	1369	48	0
11	1369	48	0
11	1372	48	1
11	1374	48	2
11	1416	48	1
11	1425	48	0
11	1482	49	0
11	1482	49	0
11	1638	50	0
11	1638	50	0
11	1641	50	1
11	1644	50	2
11	1647	50	3
11	1709	50	2
11	1723	50	1
11	1729	50	0
11	1801	51	0
11	1801	51	0
11	1804	51	1
11	1807	51	2
11	1810	51	3
11	1871	51	2
11	1881	51	1
11	1886	51	0
11	1946	52	0
11	1946	52	0
11	1947	52	1
11	1948	52	2
11	1950	52	3
11	1997	52	2
11	2004	52	1
11	2011	52	0
11	2093	53	0
11	2093	53	0
11	2097	53	1
11	2100	53	2
11	2103	53	3
11	2170	53	2
11	2176	53	1
11	2180	53	0
11	2253	54	0
11	2253	54	0
11	2257	54	1
11	2260	54	2
11	2311	54	1
11	2317	54	0
11	2370	55	0
11	2370	55	0
11	2501	56	0
11	2501	56	0
11	2505	56	1
11	2508	56	2
11	2512	56	3
11	2576	56	2
11	2582	56	1
11	2586	56	0
11	2661	57	0
11	2661	57	0
11	2665	57	1
11	2668	57	2
11	2672	57	3
11	2733	57	2
11	2738	57	1
11	2742	57	0
11	2799	58	0
11	2799	58	0
11	2801	58	1
11	2802	58	2
11	2804	58	3
11	2853	58	2
11	2856	58	1
11	2858	58	0
11	2939	59	0
11	2939	59	0
11	2943	59	1
11	2946	59	2
11	2949	59	3
11	2998	59	2
11	3004	59	1
11	3008	59	0
11	3073	60	0
11	3073	60	0
11	3077	60	1
11	3080	60	2
11	3144	60	1
11	3150	60	0
11	3207	61	0
11	3207	61	0
11	3329	62	0
11	3329	62	0
11	3333	62	1
11	3336	62	2
11	3340	62	3
11	3398	62	2
11	3404	62	1
11	3408	62	0
11	3479	63	0
11	3479	63	0
11	3483	63	1
11	3486	63	2
11	3490	63	3
11	3538	63	2
11	3543	63	1
11	3547	63	0
11	3600	64	0
11	3600	64	0
11	3602	64	1
11	3603	64	2
11	3605	64	3
11	3651	64	2
11	3654	64	1
11	3656	64	0
11	3737	65	0
11	3737	65	0
11	3741	65	1
11	3744	65	2
11	3747	65	3
11	3814	65	2
11	3820	65	1
11	3824	65	0
11	3893	66	0
11	3893	66	0
11	3897	66	1
11	3900	66	2
11	3943	66	1
11	3949	66	0
11	4006	67	0
11	4006	67	0
11	4137	68	0
11	4137	68	0
11	4141	68	1
11	4144	68	2
11	4148	68	3
11	4209	68	2
11	4215	68	1
11	4219	68	0
11	4286	69	0
11	4286	69	0
11	4290	69	1
11	4293	69	2
11	4297	69	3
11	4361	69	2
11	4366	69	1
11	4370	69	0
11	4427	70	0
11	4427	70	0
11	4429	70	1
11	4430	70	2
11	4432	70	3
11	4472	70	2
11	4475	70	1
11	4477	70	0
11	4554	71	0
11	4554	71	0
11	4558	71	1
11	4561	71	2
11	4564	71	3
11	4610	71	2
11	4616	71	1
11	4620	71	0
11	4685	72	0
11	4685	72	0
11	4689	72	1
11	4692	72	2
11	4743	72	1
11	4749	72	0
11	4806	73	0
11	4806	73	0
11	4921	74	0
11	4921	74	0
11	4925	74	1
11	4928	74	2
11	4932	74	3
11	4995	74	2
11	5001	74	1
11	5005	74	0
11	5076	75	0
11	5076	75	0
11	5080	75	1
11	5083	75	2
11	5087	75	3
11	5133	75	2
11	5138	75	1
11	5142	75	0
11	5199	76	0
11	5199	76	0
11	5201	76	1
11	5202	76	2
11	5204	76	3
11	5234	76	2
11	5237	76	1
11	5239	76	0
11	5316	77	0
11	5316	77	0
11	5320	77	1
11	5323	77	2
11	5326	77	3
11	5390	77	2
11	5396	77	1
11	5400	77	0
11	5473	78	0
11	5473	78	0
11	5477	78	1
11	5480	78	2
11	5526	78	1
11	5532	78	0
11	5585	79	0
11	5585	79	0
11	5703	80	0
11	5703	80	0
11	5707	80	1
11	5710	80	2
11	5714	80	3
11	5767	80	2
11	5773	80	1
11	5777	80	0
11	5852	81	0
11	5852	81	0
11	5856	81	1
11	5859	81	2
11	5863	81	3
11	5921	81	2
11	5926	81	1
11	5930	81	0
11	5987	82	0
11	5987	82	0
11	5989	82	1
11	5990	82	2
11	5992	82	3
11	6022	82	2
11	6025	82	1
11	6027	82	0
11	6108	83	0
11	6108	83	0
11	6112	83	1
11	6115	83	2
11	6118	83	3
11	6180	83	2
11	6186	83	1
11	6190	83	0
11	6259	84	0
11	6259	84	0
11	6263	84	1
11	6266	84	2
11	6317	84	1
11	6323	84	0
11	6372	85	0
11	6372	85	0
11	6487	86	0
11	6487	86	0
11	6491	86	1
11	6494	86	2
11	6498	86	3
11	6556	86	2
11	6562	86	1
11	6566	86	0
11	6637	87	0
11	6637	87	0
11	6641	87	1
11	6644	87	2
11	6648	87	3
11	6706	87	2
11	6711	87	1
11	6715	87	0
11	6764	88	0
11	6764	88	0
11	6766	88	1
11	6767	88	2
11	6769	88	3
11	6802	88	2
11	6805	88	1
11	6807	88	0
11	6884	89	0
11	6884	89	0
11	6888	89	1
11	6891	89	2
11	6894	89	3
11	6950	89	2
11	6956	89	1
11	6960	89	0
11	7025	90	0
11	7025	90	0
11	7029	90	1
11	7032	90	2
11	7075	90	1
11	7081	90	0
11	7134	91	0
11	7134	91	0
11	7255	92	0
11	7255	92	0
11	7259	92	1
11	7262	92	2
11	7266	92	3
11	7316	92	2
11	7322	92	1
11	7326	92	0
11	7397	93	0
11	7397	93	0
11	7401	93	1
11	7404	93	2
11	7408	93	3
11	7448	93	2
11	7453	93	1
11	7457	93	0
11	7510	94	0
11	7510	94	0
11	7512	94	1
11	7513	94	2
11	7515	94	3
11	7558	94	2
11	7561	94	1
11	7563	94	0
11	7636	95	0
11	7636	95	0
11	7640	95	1
11	7643	95	2
11	7646	95	3
11	7713	95	2
11	7719	95	1
11	7723	95	0
11	7788	96	0
11	7788	96	0
11	7792	96	1
11	7795	96	2
11	7838	96	1
11	7844	96	0
11	7893	97	0
11	7893	97	0
11	8018	98	0
11	8018	98	0
11	8022	98	1
11	8025	98	2
11	8029	98	3
11	8079	98	2
11	8085	98	1
11	8089	98	0
11	8156	99	0
11	8156	99	0
11	8160	99	1
11	8163	99	2
11	8167	99	3
11	8220	99	2
11	8225	99	1
11	8229	99	0
11	8282	100	0
11	8282	100	0
11	8284	100	1
11	8285	100	2
11	8287	100	3
11	8317	100	2
11	8320	100	1
11	8322	100	0
11	8395	101	0
11	8395	101	0
11	8399	101	1
11	8402	101	2
11	8405	101	3
11	8472	101	2
11	8478	101	1
11	8482	101	0
11	8551	102	0
11	8551	102	0
11	8555	102	1
11	8558	102	2
11	8601	102	1
11	8607	102	0
11	8660	103	0
11	8660	103	0
11	8780	104	0
11	8780	104	0
11	8784	104	1
11	8787	104	2
11	8791	104	3
11	8836	104	2
11	8842	104	1
11	8846	104	0
11	8913	105	0
11	8913	105	0
11	8917	105	1
11	8920	105	2
11	8924	105	3
11	8979	105	2
11	8984	105	1
11	8988	105	0
11	9041	106	0
11	9041	106	0
11	9043	106	1
11	9044	106	2
11	9046	106	3
11	9076	106	2
11	9079	106	1
11	9081	106	0
11	9154	107	0
11	9154	107	0
11	9158	107	1
11	9161	107	2
11	9164	107	3
11	9223	107	2
11	9229	107	1
11	9233	107	0
11	9302	108	0
11	9302	108	0
11	9306	108	1
11	9309	108	2
11	9360	108	1
11	9366	108	0
11	9415	109	0
11	9415	109	0
11	9538	110	0
11	9538	110	0
11	9542	110	1
11	9545	110	2
11	9549	110	3
11	9596	110	2
11	9602	110	1
11	9606	110	0
11	9673	111	0
11	9673	111	0
11	9677	111	1
11	9680	111	2
11	9684	111	3
11	9737	111	2
11	9742	111	1
11	9746	111	0
11	9799	112	0
11	9799	112	0
11	9801	112	1
11	9802	112	2
11	9804	112	3
11	9847	112	2
11	9850	112	1
11	9852	112	0
11	9925	113	0
11	9925	113	0
11	9929	113	1
11	9932	113	2
11	9935	113	3
11	9989	113	2
11	9995	113	1
11	9999	113	0
11	10064	114	0
11	10064	114	0
11	10068	114	1
11	10071	114	2
11	10122	114	1
11	10128	114	0
11	10177	115	0
11	10177	115	0
11	10313	116	0
11	10313	116	0
11	10317	116	1
11	10320	116	2
11	10324	116	3
11	10382	116	2
11	10388	116	1
11	10392	116	0
11	10459	117	0
11	10459	117	0
11	10463	117	1
11	10466	117	2
11	10470	117	3
11	10518	117	2
11	10523	117	1
11	10527	117	0
11	10576	118	0
11	10576	118	0
11	10578	118	1
11	10579	118	2
11	10581	118	3
11	10624	118	2
11	10627	118	1
11	10629	118	0
11	10702	119	0
11	10702	119	0
11	10706	119	1
11	10709	119	2
11	10712	119	3
11	10771	119	2
11	10777	119	1
11	10781	119	0
11	10846	120	0
11	10846	120	0
11	10850	120	1
11	10853	120	2
11	10904	120	1
11	10910	120	0
11	10959	121	0
11	10959	121	0
11	11085	122	0
11	11085	122	0
11	11089	122	1
11	11092	122	2
11	11096	122	3
11	11154	122	2
11	11160	122	1
11	11164	122	0
11	11231	123	0
11	11231	123	0
11	11235	123	1
11	11238	123	2
11	11242	123	3
11	11300	123	2
11	11305	123	1
11	11309	123	0
11	11358	124	0
11	11358	124	0
11	11360	124	1
11	11361	124	2
11	11363	124	3
11	11393	124	2
11	11396	124	1
11	11398	124	0
11	11471	125	0
11	11471	125	0
11	11475	125	1
11	11478	125	2
11	11481	125	3
11	11540	125	2
11	11546	125	1
11	11550	125	0
11	11615	126	0
11	11615	126	0
11	11619	126	1
11	11622	126	2
11	11670	126	1
11	11676	126	0
11	11725	127	0
11	11725	127	0
11	11851	128	0
11	11851	128	0
11	11855	128	1
11	11858	128	2
11	11862	128	3
11	11920	128	2
11	11926	128	1
11	11930	128	0
11	11997	129	0
11	11997	129	0
11	12001	129	1
11	12004	129	2
11	12008	129	3
11	12066	129	2
11	12071	129	1
11	12075	129	0
11	12124	130	0
11	12124	130	0
11	12126	130	1
11	12127	130	2
11	12129	130	3
11	12159	130	2
11	12162	130	1
11	12164	130	0
11	12237	131	0
11	12237	131	0
11	12241	131	1
11	12244	131	2
11	12247	131	3
11	12311	131	2
11	12317	131	1
11	12321	131	0
11	12386	132	0
11	12386	132	0
11	12390	132	1
11	12393	132	2
11	12454	132	1
11	12460	132	0
11	12509	133	0
11	12509	133	0
11	12632	134	0
11	12632	134	0
11	12636	134	1
11	12639	134	2
11	12643	134	3
11	12701	134	2
11	12707	134	1
11	12711	134	0
11	12776	135	0
11	12776	135	0
11	12780	135	1
11	12783	135	2
11	12786	135	3
11	12843	135	2
11	12849	135	1
11	12853	135	0
11	12902	136	0
11	12902	136	0
11	12904	136	1
11	12905	136	2
11	12907	136	3
11	12944	136	2
11	12947	136	1
11	12949	136	0
11	13020	137	0
11	13020	137	0
11	13024	137	1
11	13026	137	2
11	13029	137	3
11	13088	137	2
11	13098	137	1
11	13103	137	0
11	13166	138	0
11	13166	138	0
11	13170	138	1
11	13172	138	2
11	13215	138	1
11	13225	138	0
11	13273	139	0
11	13273	139	0
11	13403	140	0
11	13403	140	0
11	13407	140	1
11	13410	140	2
11	13413	140	3
11	13471	140	2
11	13481	140	1
11	13486	140	0
11	13551	141	0
11	13551	141	0
11	13555	141	1
11	13558	141	2
11	13561	141	3
11	13618	141	2
11	13624	141	1
11	13628	141	0
11	13677	142	0
11	13677	142	0
11	13679	142	1
11	13680	142	2
11	13682	142	3
11	13719	142	2
11	13722	142	1
11	13724	142	0
11	13795	143	0
11	13795	143	0
11	13799	143	1
11	13801	143	2
11	13804	143	3
11	13863	143	2
11	13873	143	1
11	13878	143	0
11	13941	144	0
11	13941	144	0
11	13945	144	1
11	13947	144	2
11	13990	144	1
11	14000	144	0
11	14048	145	0
11	14048	145	0
11	14178	146	0
11	14178	146	0
11	14182	146	1
11	14185	146	2
11	14188	146	3
11	14246	146	2
11	14256	146	1
11	14261	146	0
11	14326	147	0
11	14326	147	0
11	14330	147	1
11	14333	147	2
11	14336	147	3
11	14393	147	2
11	14399	147	1
11	14403	147	0
11	14452	148	0
11	14452	148	0
11	14454	148	1
11	14455	148	2
11	14457	148	3
11	14494	148	2
11	14497	148	1
11	14499	148	0
11	14570	149	0
11	14570	149	0
11	14574	149	1
11	14576	149	2
11	14579	149	3
11	14638	149	2
11	14648	149	1
11	14653	149	0
11	14716	150	0
11	14716	150	0
11	14720	150	1
11	14722	150	2
11	14765	150	1
11	14775	150	0
11	14823	151	0
11	14823	151	0
11	14953	152	0
11	14953	152	0
11	14957	152	1
11	14960	152	2
11	14963	152	3
11	15021	152	2
11	15031	152	1
11	15036	152	0
11	15101	153	0
11	15101	153	0
11	15105	153	1
11	15108	153	2
11	15111	153	3
11	15168	153	2
11	15174	153	1
11	15178	153	0
11	15227	154	0
11	15227	154	0
11	15229	154	1
11	15230	154	2
11	15232	154	3
11	15269	154	2
11	15272	154	1
11	15274	154	0
11	15345	155	0
11	15345	155	0
11	15349	155	1
11	15351	155	2
11	15354	155	3
11	15413	155	2
11	15423	155	1
11	15428	155	0
11	15491	156	0
11	15491	156	0
11	15495	156	1
11	15497	156	2
11	15540	156	1
11	15550	156	0
11	15598	157	0
11	15598	157	0
11	15728	158	0
11	15728	158	0
11	15732	158	1
11	15735	158	2
11	15738	158	3
11	15796	158	2
11	15806	158	1
11	15811	158	0
11	15876	159	0
11	15876	159	0
11	15880	159	1
11	15883	159	2
11	15886	159	3
11	15943	159	2
11	15949	159	1
11	15953	159	0
11	16002	160	0
11	16002	160	0
11	16004	160	1
11	16005	160	2
11	16007	160	3
11	16044	160	2
11	16047	160	1
11	16049	160	0
11	16120	161	0
11	16120	161	0
11	16124	161	1
11	16126	161	2
11	16129	161	3
11	16188	161	2
11	16198	161	1
11	16203	161	0
11	16266	162	0
11	16266	162	0
11	16270	162	1
11	16272	162	2
11	16315	162	1
11	16325	162	0
11	16373	163	0
11	16373	163	0
11	16503	164	0
11	16503	164	0
11	16507	164	1
11	16510	164	2
11	16513	164	3
11	16571	164	2
11	16581	164	1
11	16586	164	0
11	16651	165	0
11	16651	165	0
11	16655	165	1
11	16658	165	2
11	16661	165	3
11	16718	165	2
11	16724	165	1
11	16728	165	0
11	16777	166	0
11	16777	166	0
11	16779	166	1
11	16780	166	2
11	16782	166	3
11	16819	166	2
11	16822	166	1
11	16824	166	0
11	16895	167	0
11	16895	167	0
11	16899	167	1
11	16901	167	2
11	16904	167	3
11	16963	167	2
11	16973	167	1
11	16978	167	0
11	17041	168	0
11	17041	168	0
11	17045	168	1
11	17047	168	2
11	17090	168	1
11	17100	168	0
11	17148	169	0
11	17148	169	0
11	17278	170	0
11	17278	170	0
11	17282	170	1
11	17285	170	2
11	17288	170	3
11	17346	170	2
11	17356	170	1
11	17361	170	0
11	17426	171	0
11	17426	171	0
11	17430	171	1
11	17433	171	2
11	17436	171	3
11	17493	171	2
11	17499	171	1
11	17503	171	0
11	17552	172	0
11	17552	172	0
11	17554	172	1
11	17555	172	2
11	17557	172	3
11	17594	172	2
11	17597	172	1
11	17599	172	0
11	17670	173	0
11	17670	173	0
11	17674	173	1
11	17676	173	2
11	17679	173	3
11	17738	173	2
11	17748	173	1
11	17753	173	0
11	17816	174	0
11	17816	174	0
11	17820	174	1
11	17822	174	2
11	17865	174	1
11	17875	174	0
11	17923	175	0
11	17923	175	0
11	18053	176	0
11	18053	176	0
11	18057	176	1
11	18060	176	2
11	18063	176	3
11	18121	176	2
11	18131	176	1
11	18136	176	0
11	18201	177	0
11	18201	177	0
11	18205	177	1
11	18208	177	2
11	18211	177	3
11	18268	177	2
11	18274	177	1
11	18278	177	0
11	18327	178	0
11	18327	178	0
11	18329	178	1
11	18330	178	2
11	18332	178	3
11	18369	178	2
11	18372	178	1
11	18374	178	0
11	18445	179	0
11	18445	179	0
11	18449	179	1
11	18451	179	2
11	18454	179	3
11	18513	179	2
11	18523	179	1
11	18528	179	0
11	18591	180	0
11	18591	180	0
11	18595	180	1
11	18597	180	2
11	18640	180	1
11	18650	180	0
11	18698	181	0
11	18698	181	0
11	18828	182	0
11	18828	182	0
11	18832	182	1
11	18835	182	2
11	18838	182	3
11	18896	182	2
11	18906	182	1
11	18911	182	0
11	18976	183	0
11	18976	183	0
11	18980	183	1
11	18983	183	2
11	18986	183	3
11	19043	183	2
11	19049	183	1
11	19053	183	0
11	19102	184	0
11	19102	184	0
11	19104	184	1
11	19105	184	2
11	19107	184	3
11	19144	184	2
11	19147	184	1
11	19149	184	0
11	19220	185	0
11	19220	185	0
11	19224	185	1
11	19226	185	2
11	19229	185	3
11	19288	185	2
11	19298	185	1
11	19303	185	0
11	19366	186	0
11	19366	186	0
11	19370	186	1
11	19372	186	2
11	19415	186	1
11	19425	186	0
11	19473	187	0
11	19473	187	0
11	19595	188	0
11	19595	188	0
11	19599	188	1
11	19602	188	2
11	19605	188	3
11	19660	188	2
11	19666	188	1
11	19670	188	0
11	19735	189	0
11	19735	189	0
11	19739	189	1
11	19742	189	2
11	19745	189	3
11	19799	189	2
11	19805	189	1
11	19809	189	0
11	19855	190	0
11	19855	190	0
11	19857	190	1
11	19858	190	2
11	19860	190	3
11	19895	190	2
11	19898	190	1
11	19900	190	0
11	19969	191	0
11	19969	191	0
11	19973	191	1
11	19975	191	2
11	19977	191	3
11	20036	191	2
11	20042	191	1
11	20046	191	0
11	20105	192	0
11	20105	192	0
11	20109	192	1
11	20110	192	2
11	20152	192	1
11	20158	192	0
11	20199	193	0
11	20199	193	0
11	20303	194	0
11	20303	194	0
11	20307	194	1
11	20310	194	2
11	20312	194	3
11	20349	194	2
11	20354	194	1
11	20358	194	0
11	20408	195	0
11	20408	195	0
11	20411	195	1
11	20414	195	2
11	20445	195	1
11	20450	195	0
11	20482	196	0
11	20482	196	0
11	20483	196	1
11	20490	196	0
11	20544	197	0
11	20544	197	0
11	20628	198	0
11	20628	198	0
11	20730	200	0
11	20730	200	0
11	20776	201	0
11	20776	201	0
11	20798	202	0
11	20798	202	0
11	20820	203	0
11	20820	203	0
11	20836	203	1
11	20837	203	0
12	82	22	0
12	82	22	0
12	20868	206	0
12	20868	206	0
13	24	16	0
13	24	16	0
13	20740	200	0
13	20740	200	0
14	406	41	0
14	406	41	0
14	407	41	0
14	407	41	0
14	535	42	0
14	535	42	0
14	536	42	0
14	536	42	0
14	664	43	0
14	664	43	0
14	665	43	0
14	665	43	0
14	809	44	0
14	809	44	0
14	810	44	0
14	810	44	0
14	965	45	0
14	965	45	0
14	966	45	0
14	966	45	0
14	1227	47	0
14	1227	47	0
14	1229	47	0
14	1229	47	0
14	1377	48	0
14	1377	48	0
14	1379	48	0
14	1379	48	0
14	1493	49	0
14	1493	49	0
14	1494	49	0
14	1494	49	0
14	1652	50	0
14	1652	50	0
14	1653	50	0
14	1653	50	0
14	1814	51	0
14	1814	51	0
14	1815	51	0
14	1815	51	0
14	2106	53	0
14	2106	53	0
14	2109	53	0
14	2109	53	0
14	2264	54	0
14	2264	54	0
14	2267	54	0
14	2267	54	0
14	2382	55	0
14	2382	55	0
14	2383	55	0
14	2383	55	0
14	2518	56	0
14	2518	56	0
14	2519	56	0
14	2519	56	0
14	2677	57	0
14	2677	57	0
14	2678	57	0
14	2678	57	0
14	2952	59	0
14	2952	59	0
14	2955	59	0
14	2955	59	0
14	3084	60	0
14	3084	60	0
14	3087	60	0
14	3087	60	0
14	3219	61	0
14	3219	61	0
14	3220	61	0
14	3220	61	0
14	3346	62	0
14	3346	62	0
14	3347	62	0
14	3347	62	0
14	3495	63	0
14	3495	63	0
14	3496	63	0
14	3496	63	0
14	3750	65	0
14	3750	65	0
14	3753	65	0
14	3753	65	0
14	3904	66	0
14	3904	66	0
14	3907	66	0
14	3907	66	0
14	4018	67	0
14	4018	67	0
14	4019	67	0
14	4019	67	0
14	4154	68	0
14	4154	68	0
14	4155	68	0
14	4155	68	0
14	4302	69	0
14	4302	69	0
14	4303	69	0
14	4303	69	0
14	4567	71	0
14	4567	71	0
14	4570	71	0
14	4570	71	0
14	4696	72	0
14	4696	72	0
14	4699	72	0
14	4699	72	0
14	4818	73	0
14	4818	73	0
14	4819	73	0
14	4819	73	0
14	4938	74	0
14	4938	74	0
14	4939	74	0
14	4939	74	0
14	5092	75	0
14	5092	75	0
14	5093	75	0
14	5093	75	0
14	5329	77	0
14	5329	77	0
14	5332	77	0
14	5332	77	0
14	5484	78	0
14	5484	78	0
14	5487	78	0
14	5487	78	0
14	5597	79	0
14	5597	79	0
14	5598	79	0
14	5598	79	0
14	5720	80	0
14	5720	80	0
14	5721	80	0
14	5721	80	0
14	5868	81	0
14	5868	81	0
14	5869	81	0
14	5869	81	0
14	6121	83	0
14	6121	83	0
14	6124	83	0
14	6124	83	0
14	6270	84	0
14	6270	84	0
14	6273	84	0
14	6273	84	0
14	6384	85	0
14	6384	85	0
14	6385	85	0
14	6385	85	0
14	6504	86	0
14	6504	86	0
14	6505	86	0
14	6505	86	0
14	6653	87	0
14	6653	87	0
14	6654	87	0
14	6654	87	0
14	6897	89	0
14	6897	89	0
14	6900	89	0
14	6900	89	0
14	7036	90	0
14	7036	90	0
14	7039	90	0
14	7039	90	0
14	7146	91	0
14	7146	91	0
14	7147	91	0
14	7147	91	0
14	7272	92	0
14	7272	92	0
14	7273	92	0
14	7273	92	0
14	7413	93	0
14	7413	93	0
14	7414	93	0
14	7414	93	0
14	7649	95	0
14	7649	95	0
14	7652	95	0
14	7652	95	0
14	7799	96	0
14	7799	96	0
14	7802	96	0
14	7802	96	0
14	7905	97	0
14	7905	97	0
14	7906	97	0
14	7906	97	0
14	8035	98	0
14	8035	98	0
14	8036	98	0
14	8036	98	0
14	8172	99	0
14	8172	99	0
14	8173	99	0
14	8173	99	0
14	8408	101	0
14	8408	101	0
14	8411	101	0
14	8411	101	0
14	8562	102	0
14	8562	102	0
14	8565	102	0
14	8565	102	0
14	8672	103	0
14	8672	103	0
14	8673	103	0
14	8673	103	0
14	8797	104	0
14	8797	104	0
14	8798	104	0
14	8798	104	0
14	8929	105	0
14	8929	105	0
14	8930	105	0
14	8930	105	0
14	9167	107	0
14	9167	107	0
14	9170	107	0
14	9170	107	0
14	9313	108	0
14	9313	108	0
14	9316	108	0
14	9316	108	0
14	9427	109	0
14	9427	109	0
14	9428	109	0
14	9428	109	0
14	9555	110	0
14	9555	110	0
14	9556	110	0
14	9556	110	0
14	9689	111	0
14	9689	111	0
14	9690	111	0
14	9690	111	0
14	9938	113	0
14	9938	113	0
14	9941	113	0
14	9941	113	0
14	10075	114	0
14	10075	114	0
14	10078	114	0
14	10078	114	0
14	10189	115	0
14	10189	115	0
14	10190	115	0
14	10190	115	0
14	10330	116	0
14	10330	116	0
14	10331	116	0
14	10331	116	0
14	10475	117	0
14	10475	117	0
14	10476	117	0
14	10476	117	0
14	10715	119	0
14	10715	119	0
14	10718	119	0
14	10718	119	0
14	10857	120	0
14	10857	120	0
14	10860	120	0
14	10860	120	0
14	10971	121	0
14	10971	121	0
14	10972	121	0
14	10972	121	0
14	11102	122	0
14	11102	122	0
14	11103	122	0
14	11103	122	0
14	11247	123	0
14	11247	123	0
14	11248	123	0
14	11248	123	0
14	11484	125	0
14	11484	125	0
14	11487	125	0
14	11487	125	0
14	11626	126	0
14	11626	126	0
14	11629	126	0
14	11629	126	0
14	11737	127	0
14	11737	127	0
14	11738	127	0
14	11738	127	0
14	11868	128	0
14	11868	128	0
14	11869	128	0
14	11869	128	0
14	12013	129	0
14	12013	129	0
14	12014	129	0
14	12014	129	0
14	12250	131	0
14	12250	131	0
14	12253	131	0
14	12253	131	0
14	12397	132	0
14	12397	132	0
14	12400	132	0
14	12400	132	0
14	12521	133	0
14	12521	133	0
14	12522	133	0
14	12522	133	0
14	12649	134	0
14	12649	134	0
14	12650	134	0
14	12650	134	0
14	12791	135	0
14	12791	135	0
14	12792	135	0
14	12792	135	0
14	13032	137	0
14	13032	137	0
14	13035	137	0
14	13035	137	0
14	13176	138	0
14	13176	138	0
14	13179	138	0
14	13179	138	0
14	13284	139	0
14	13284	139	0
14	13285	139	0
14	13285	139	0
14	13419	140	0
14	13419	140	0
14	13420	140	0
14	13420	140	0
14	13566	141	0
14	13566	141	0
14	13567	141	0
14	13567	141	0
14	13807	143	0
14	13807	143	0
14	13810	143	0
14	13810	143	0
14	13951	144	0
14	13951	144	0
14	13954	144	0
14	13954	144	0
14	14059	145	0
14	14059	145	0
14	14060	145	0
14	14060	145	0
14	14194	146	0
14	14194	146	0
14	14195	146	0
14	14195	146	0
14	14341	147	0
14	14341	147	0
14	14342	147	0
14	14342	147	0
14	14582	149	0
14	14582	149	0
14	14585	149	0
14	14585	149	0
14	14726	150	0
14	14726	150	0
14	14729	150	0
14	14729	150	0
14	14834	151	0
14	14834	151	0
14	14835	151	0
14	14835	151	0
14	14969	152	0
14	14969	152	0
14	14970	152	0
14	14970	152	0
14	15116	153	0
14	15116	153	0
14	15117	153	0
14	15117	153	0
14	15357	155	0
14	15357	155	0
14	15360	155	0
14	15360	155	0
14	15501	156	0
14	15501	156	0
14	15504	156	0
14	15504	156	0
14	15609	157	0
14	15609	157	0
14	15610	157	0
14	15610	157	0
14	15744	158	0
14	15744	158	0
14	15745	158	0
14	15745	158	0
14	15891	159	0
14	15891	159	0
14	15892	159	0
14	15892	159	0
14	16132	161	0
14	16132	161	0
14	16135	161	0
14	16135	161	0
14	16276	162	0
14	16276	162	0
14	16279	162	0
14	16279	162	0
14	16384	163	0
14	16384	163	0
14	16385	163	0
14	16385	163	0
14	16519	164	0
14	16519	164	0
14	16520	164	0
14	16520	164	0
14	16666	165	0
14	16666	165	0
14	16667	165	0
14	16667	165	0
14	16907	167	0
14	16907	167	0
14	16910	167	0
14	16910	167	0
14	17051	168	0
14	17051	168	0
14	17054	168	0
14	17054	168	0
14	17159	169	0
14	17159	169	0
14	17160	169	0
14	17160	169	0
14	17294	170	0
14	17294	170	0
14	17295	170	0
14	17295	170	0
14	17441	171	0
14	17441	171	0
14	17442	171	0
14	17442	171	0
14	17682	173	0
14	17682	173	0
14	17685	173	0
14	17685	173	0
14	17826	174	0
14	17826	174	0
14	17829	174	0
14	17829	174	0
14	17934	175	0
14	17934	175	0
14	17935	175	0
14	17935	175	0
14	18069	176	0
14	18069	176	0
14	18070	176	0
14	18070	176	0
14	18216	177	0
14	18216	177	0
14	18217	177	0
14	18217	177	0
14	18457	179	0
14	18457	179	0
14	18460	179	0
14	18460	179	0
14	18601	180	0
14	18601	180	0
14	18604	180	0
14	18604	180	0
14	18709	181	0
14	18709	181	0
14	18710	181	0
14	18710	181	0
14	18844	182	0
14	18844	182	0
14	18845	182	0
14	18845	182	0
14	18991	183	0
14	18991	183	0
14	18992	183	0
14	18992	183	0
14	19232	185	0
14	19232	185	0
14	19235	185	0
14	19235	185	0
14	19376	186	0
14	19376	186	0
14	19379	186	0
14	19379	186	0
14	19484	187	0
14	19484	187	0
14	19485	187	0
14	19485	187	0
14	19611	188	0
14	19611	188	0
14	19612	188	0
14	19612	188	0
14	19750	189	0
14	19750	189	0
14	19751	189	0
14	19751	189	0
14	19980	191	0
14	19980	191	0
14	19983	191	0
14	19983	191	0
14	20113	192	0
14	20113	192	0
14	20116	192	0
14	20116	192	0
14	20208	193	0
14	20208	193	0
14	20209	193	0
14	20209	193	0
14	20317	194	0
14	20317	194	0
14	20318	194	0
14	20318	194	0
14	20418	195	0
14	20418	195	0
14	20419	195	0
14	20419	195	0
14	20547	197	0
14	20547	197	0
14	20548	197	0
14	20548	197	0
14	20631	198	0
14	20631	198	0
14	20632	198	0
14	20632	198	0
14	20683	199	0
14	20683	199	0
15	100	35	0
15	100	35	0
15	119	36	0
15	119	36	0
15	138	37	0
15	138	37	0
15	196	38	0
15	196	38	0
15	268	39	0
15	268	39	0
15	340	40	0
15	340	40	0
15	427	41	0
15	427	41	0
15	463	41	1
15	476	41	0
15	556	42	0
15	556	42	0
15	592	42	1
15	605	42	0
15	685	43	0
15	685	43	0
15	718	43	1
15	727	43	0
15	833	44	0
15	833	44	0
15	868	44	1
15	873	44	0
15	989	45	0
15	989	45	0
15	1024	45	1
15	1029	45	0
15	1133	46	0
15	1133	46	0
15	1252	47	0
15	1252	47	0
15	1287	47	1
15	1292	47	0
15	1394	48	0
15	1394	48	0
15	1413	48	1
15	1418	48	0
15	1435	48.5001	0
15	1435	48.5001	0
15	1514	49	0
15	1514	49	0
15	1544	49	1
15	1553	49	0
15	1568	49.2501	0
15	1568	49.2501	0
15	1676	50	0
15	1676	50	0
15	1708	50	1
15	1713	50	0
15	1738	50.1251	0
15	1738	50.1251	0
15	1838	51	0
15	1838	51	0
15	1870	51	1
15	1893	51.0626	2
15	1923	52	1
15	1994	52	2
15	2018	52.0626	3
15	2059	53	2
15	2133	53	3
15	2157	53	4
15	2163	53	3
15	2191	53.53135	4
15	2224	54	3
15	2285	54	4
15	2298	54	5
15	2304	54	4
15	2326	54.765725	5
15	2350	55	4
15	2398	55	5
15	2410	55	6
15	2411	55	5
15	2432	55.8829125	6
15	2470	56	5
15	2543	56	6
15	2565	56	7
15	2571	56	6
15	2599	56.94150625	7
15	2633	57	6
15	2702	57	7
15	2726	57	8
15	2753	57.970803125	9
15	2774	58	8
15	2845	58	9
15	2868	58.970803125	10
15	2905	59	9
15	2975	59	10
15	2985	59	11
15	2991	59	10
15	3044	60	9
15	3109	60	10
15	3111	60	11
15	3137	60	10
15	3163	60.485451562	11
15	3187	61	10
15	3236	61	11
15	3243	61	10
15	3260	61.742775781	11
15	3298	62	10
15	3369	62	11
15	3393	62	10
15	3417	62.87143789	11
15	3451	63	10
15	3520	63	11
15	3522	63	12
15	3554	63.935768945	13
15	3575	64	12
15	3666	64.935768945	13
15	3703	65	12
15	3779	65	13
15	3780	65	14
15	3807	65	13
15	3831	65.935768945	14
15	3864	66	13
15	3923	66	14
15	3936	66	13
15	3962	66.90657207	14
15	3986	67	13
15	4036	67	14
15	4037	67	15
15	4047	67	14
15	4068	67.967934472	15
15	4106	68	14
15	4179	68	15
15	4204	68	14
15	4258	69	13
15	4331	69	14
15	4332	69	15
15	4402	70	14
15	4483	70.710710253	15
15	4520	71	14
15	4590	71	15
15	4603	71	14
15	4656	72	13
15	4719	72	14
15	4720	72	15
15	4736	72	14
15	4758	72.484017236	15
15	4786	73	14
15	4832	73	15
15	4839	73	14
15	4890	74	13
15	4965	74	14
15	4990	74	13
15	5014	74.419786181	14
15	5048	75	13
15	5117	75	14
15	5118	75	15
15	5153	75.419786181	16
15	5174	76	15
15	5282	77	14
15	5358	77	15
15	5383	77	14
15	5407	77.242058618	15
15	5444	78	14
15	5505	78	15
15	5506	78	16
15	5519	78	15
15	5541	78.177827563	16
15	5565	79	15
15	5614	79	16
15	5621	79	15
15	5672	80	14
15	5745	80	15
15	5747	80	16
15	5762	80	15
15	5790	80.621079309	16
15	5824	81	15
15	5893	81	16
15	5941	81.589013781	17
15	5962	82	16
15	6074	83	15
15	6148	83	16
15	6149	83	17
15	6173	83	16
15	6197	83.810589654	17
15	6230	84	16
15	6293	84	17
15	6294	84	18
15	6310	84	17
15	6352	85	16
15	6398	85	17
15	6405	85	16
15	6456	86	15
15	6527	86	16
15	6551	86	15
15	6609	87	14
15	6680	87	15
15	6739	88	14
15	6813	88.405344827	15
15	6850	89	14
15	6922	89	15
15	6943	89	14
15	6996	90	13
15	7055	90	14
15	7068	90	13
15	7090	90.202722413	14
15	7114	91	13
15	7165	91	14
15	7166	91	15
15	7173	91	14
15	7224	92	13
15	7295	92	14
15	7311	92	13
15	7369	93	12
15	7434	93	13
15	7464	93.101411206	14
15	7485	94	13
15	7602	95	12
15	7680	95	13
15	7681	95	14
15	7706	95	13
15	7759	96	12
15	7818	96	13
15	7831	96	12
15	7873	97	11
15	7924	97	12
15	7925	97	13
15	7932	97	12
15	7987	98	11
15	8058	98	12
15	8059	98	13
15	8074	98	12
15	8128	99	11
15	8197	99	12
15	8236	99.050755603	13
15	8257	100	12
15	8361	101	11
15	8437	101	12
15	8439	101	13
15	8465	101	12
15	8489	101.025427801	13
15	8522	102	12
15	8581	102	13
15	8594	102	12
15	8640	103	11
15	8688	103	12
15	8698	103	11
15	8749	104	10
15	8818	104	11
15	8831	104	10
15	8885	105	9
15	8954	105	10
15	9016	106	9
15	9120	107	8
15	9194	107	9
15	9216	107	8
15	9240	107.0127639	9
15	9273	108	8
15	9336	108	9
15	9337	108	10
15	9353	108	9
15	9395	109	8
15	9441	109	9
15	9448	109	8
15	9469	109.50643195	9
15	9507	110	8
15	9576	110	9
15	9591	110	8
15	9645	111	7
15	9712	111	8
15	9774	112	7
15	9891	113	6
15	9965	113	7
15	9966	113	8
15	9982	113	7
15	10035	114	6
15	10098	114	7
15	10099	114	8
15	10115	114	7
15	10157	115	6
15	10209	115	7
15	10223	115	6
15	10240	115.753265975	7
15	10282	116	6
15	10355	116	7
15	10377	116	6
15	10431	117	5
15	10500	117	6
15	10501	117	7
15	10551	118	6
15	10668	119	5
15	10742	119	6
15	10764	119	5
15	10817	120	4
15	10880	120	5
15	10882	120	6
15	10897	120	5
15	10939	121	4
15	10992	121	5
15	10993	121	6
15	11003	121	5
15	11054	122	4
15	11127	122	5
15	11128	122	6
15	11149	122	5
15	11203	123	4
15	11274	123	5
15	11333	124	4
15	11437	125	3
15	11511	125	4
15	11533	125	3
15	11586	126	2
15	11647	126	3
15	11648	126	4
15	11663	126	3
15	11705	127	2
15	11758	127	3
15	11759	127	4
15	11769	127	3
15	11820	128	2
15	11891	128	3
15	11915	128	2
15	11969	129	1
15	12040	129	2
15	12042	129	3
15	12099	130	2
15	12203	131	1
15	12277	131	2
15	12304	131	1
15	12357	132	0
15	12422	132	1
15	12423	132	2
15	12447	132	1
15	12489	133	0
15	12539	133	1
15	12540	133	2
15	12550	133	1
15	12601	134	0
15	12674	134	1
15	12696	134	0
15	12819	135	0
15	12819	135	0
15	12821	135	1
15	12877	136	0
15	13062	137	0
15	13062	137	0
15	13064	137	1
15	13090	137	0
15	13198	138	0
15	13198	138	0
15	13200	138	1
15	13217	138	0
15	13307	139	0
15	13307	139	0
15	13309	139	1
15	13326	139	0
15	13447	140	0
15	13447	140	0
15	13449	140	1
15	13475	140	0
15	13594	141	0
15	13594	141	0
15	13596	141	1
15	13652	142	0
15	13837	143	0
15	13837	143	0
15	13839	143	1
15	13865	143	0
15	13973	144	0
15	13973	144	0
15	13975	144	1
15	13992	144	0
15	14082	145	0
15	14082	145	0
15	14084	145	1
15	14101	145	0
15	14222	146	0
15	14222	146	0
15	14224	146	1
15	14250	146	0
15	14369	147	0
15	14369	147	0
15	14371	147	1
15	14427	148	0
15	14612	149	0
15	14612	149	0
15	14614	149	1
15	14640	149	0
15	14748	150	0
15	14748	150	0
15	14750	150	1
15	14767	150	0
15	14857	151	0
15	14857	151	0
15	14859	151	1
15	14876	151	0
15	14997	152	0
15	14997	152	0
15	14999	152	1
15	15025	152	0
15	15144	153	0
15	15144	153	0
15	15146	153	1
15	15202	154	0
15	15387	155	0
15	15387	155	0
15	15389	155	1
15	15415	155	0
15	15523	156	0
15	15523	156	0
15	15525	156	1
15	15542	156	0
15	15632	157	0
15	15632	157	0
15	15634	157	1
15	15651	157	0
15	15772	158	0
15	15772	158	0
15	15774	158	1
15	15800	158	0
15	15919	159	0
15	15919	159	0
15	15921	159	1
15	15977	160	0
15	16162	161	0
15	16162	161	0
15	16164	161	1
15	16190	161	0
15	16298	162	0
15	16298	162	0
15	16300	162	1
15	16317	162	0
15	16407	163	0
15	16407	163	0
15	16409	163	1
15	16426	163	0
15	16547	164	0
15	16547	164	0
15	16549	164	1
15	16575	164	0
15	16694	165	0
15	16694	165	0
15	16696	165	1
15	16752	166	0
15	16937	167	0
15	16937	167	0
15	16939	167	1
15	16965	167	0
15	17073	168	0
15	17073	168	0
15	17075	168	1
15	17092	168	0
15	17182	169	0
15	17182	169	0
15	17184	169	1
15	17201	169	0
15	17322	170	0
15	17322	170	0
15	17324	170	1
15	17350	170	0
15	17469	171	0
15	17469	171	0
15	17471	171	1
15	17527	172	0
15	17712	173	0
15	17712	173	0
15	17714	173	1
15	17740	173	0
15	17848	174	0
15	17848	174	0
15	17850	174	1
15	17867	174	0
15	17957	175	0
15	17957	175	0
15	17959	175	1
15	17976	175	0
15	18097	176	0
15	18097	176	0
15	18099	176	1
15	18125	176	0
15	18244	177	0
15	18244	177	0
15	18246	177	1
15	18302	178	0
15	18487	179	0
15	18487	179	0
15	18489	179	1
15	18515	179	0
15	18623	180	0
15	18623	180	0
15	18625	180	1
15	18642	180	0
15	18732	181	0
15	18732	181	0
15	18734	181	1
15	18751	181	0
15	18872	182	0
15	18872	182	0
15	18874	182	1
15	18900	182	0
15	19019	183	0
15	19019	183	0
15	19021	183	1
15	19077	184	0
15	19262	185	0
15	19262	185	0
15	19264	185	1
15	19290	185	0
15	19398	186	0
15	19398	186	0
15	19400	186	1
15	19417	186	0
15	19505	187	0
15	19505	187	0
15	19637	188	0
15	19637	188	0
15	19776	189	0
15	19776	189	0
15	20008	191	0
15	20008	191	0
15	20133	192	0
15	20133	192	0
15	20223	193	0
15	20223	193	0
15	20337	194	0
15	20337	194	0
15	20434	195	0
15	20434	195	0
15	20564	197	0
15	20564	197	0
15	20648	198	0
15	20648	198	0
15	20691	199	0
15	20691	199	0
16	47	19	0
16	47	19	0
16	20823	203	0
16	20823	203	0
17	53	19	0
17	53	19	0
17	20829	203	0
17	20829	203	0
18	161	38	0
18	161	38	0
18	233	39	0
18	233	39	0
18	305	40	0
18	305	40	0
18	404	41	0
18	404	41	0
18	533	42	0
18	533	42	0
18	662	43	0
18	662	43	0
18	811	44	0
18	811	44	0
18	812	44	0
18	812	44	0
18	967	45	0
18	967	45	0
18	968	45	0
18	968	45	0
18	1097	46	0
18	1097	46	0
18	1098	46	0
18	1098	46	0
18	1230	47	0
18	1230	47	0
18	1231	47	0
18	1231	47	0
18	1380	48	0
18	1380	48	0
18	1491	49	0
18	1491	49	0
18	1654	50	0
18	1654	50	0
18	1655	50	0
18	1655	50	0
18	1816	51	0
18	1816	51	0
18	1817	51	0
18	1817	51	0
18	1955	52	0
18	1955	52	0
18	1956	52	0
18	1956	52	0
18	2111	53	0
18	2111	53	0
18	2112	53	0
18	2112	53	0
18	2269	54	0
18	2269	54	0
18	2380	55	0
18	2380	55	0
18	2520	56	0
18	2520	56	0
18	2522	56	0
18	2522	56	0
18	2679	57	0
18	2679	57	0
18	2681	57	0
18	2681	57	0
18	2810	58	0
18	2810	58	0
18	2811	58	0
18	2811	58	0
18	2957	59	0
18	2957	59	0
18	2958	59	0
18	2958	59	0
18	3089	60	0
18	3089	60	0
18	3217	61	0
18	3217	61	0
18	3348	62	0
18	3348	62	0
18	3350	62	0
18	3350	62	0
18	3497	63	0
18	3497	63	0
18	3499	63	0
18	3499	63	0
18	3611	64	0
18	3611	64	0
18	3612	64	0
18	3612	64	0
18	3755	65	0
18	3755	65	0
18	3756	65	0
18	3756	65	0
18	3909	66	0
18	3909	66	0
18	4016	67	0
18	4016	67	0
18	4156	68	0
18	4156	68	0
18	4158	68	0
18	4158	68	0
18	4304	69	0
18	4304	69	0
18	4306	69	0
18	4306	69	0
18	4438	70	0
18	4438	70	0
18	4439	70	0
18	4439	70	0
18	4572	71	0
18	4572	71	0
18	4573	71	0
18	4573	71	0
18	4701	72	0
18	4701	72	0
18	4816	73	0
18	4816	73	0
18	4940	74	0
18	4940	74	0
18	4942	74	0
18	4942	74	0
18	5094	75	0
18	5094	75	0
18	5096	75	0
18	5096	75	0
18	5210	76	0
18	5210	76	0
18	5211	76	0
18	5211	76	0
18	5334	77	0
18	5334	77	0
18	5335	77	0
18	5335	77	0
18	5489	78	0
18	5489	78	0
18	5595	79	0
18	5595	79	0
18	5722	80	0
18	5722	80	0
18	5724	80	0
18	5724	80	0
18	5870	81	0
18	5870	81	0
18	5872	81	0
18	5872	81	0
18	5998	82	0
18	5998	82	0
18	5999	82	0
18	5999	82	0
18	6126	83	0
18	6126	83	0
18	6127	83	0
18	6127	83	0
18	6275	84	0
18	6275	84	0
18	6382	85	0
18	6382	85	0
18	6506	86	0
18	6506	86	0
18	6508	86	0
18	6508	86	0
18	6655	87	0
18	6655	87	0
18	6657	87	0
18	6657	87	0
18	6775	88	0
18	6775	88	0
18	6776	88	0
18	6776	88	0
18	6902	89	0
18	6902	89	0
18	6903	89	0
18	6903	89	0
18	7041	90	0
18	7041	90	0
18	7144	91	0
18	7144	91	0
18	7274	92	0
18	7274	92	0
18	7276	92	0
18	7276	92	0
18	7415	93	0
18	7415	93	0
18	7417	93	0
18	7417	93	0
18	7521	94	0
18	7521	94	0
18	7522	94	0
18	7522	94	0
18	7654	95	0
18	7654	95	0
18	7655	95	0
18	7655	95	0
18	7804	96	0
18	7804	96	0
18	7903	97	0
18	7903	97	0
18	8037	98	0
18	8037	98	0
18	8039	98	0
18	8039	98	0
18	8174	99	0
18	8174	99	0
18	8176	99	0
18	8176	99	0
18	8293	100	0
18	8293	100	0
18	8294	100	0
18	8294	100	0
18	8413	101	0
18	8413	101	0
18	8414	101	0
18	8414	101	0
18	8567	102	0
18	8567	102	0
18	8670	103	0
18	8670	103	0
18	8799	104	0
18	8799	104	0
18	8801	104	0
18	8801	104	0
18	8931	105	0
18	8931	105	0
18	8933	105	0
18	8933	105	0
18	9052	106	0
18	9052	106	0
18	9053	106	0
18	9053	106	0
18	9172	107	0
18	9172	107	0
18	9173	107	0
18	9173	107	0
18	9318	108	0
18	9318	108	0
18	9425	109	0
18	9425	109	0
18	9557	110	0
18	9557	110	0
18	9559	110	0
18	9559	110	0
18	9691	111	0
18	9691	111	0
18	9693	111	0
18	9693	111	0
18	9810	112	0
18	9810	112	0
18	9811	112	0
18	9811	112	0
18	9943	113	0
18	9943	113	0
18	9944	113	0
18	9944	113	0
18	10080	114	0
18	10080	114	0
18	10187	115	0
18	10187	115	0
18	10332	116	0
18	10332	116	0
18	10334	116	0
18	10334	116	0
18	10477	117	0
18	10477	117	0
18	10479	117	0
18	10479	117	0
18	10587	118	0
18	10587	118	0
18	10588	118	0
18	10588	118	0
18	10720	119	0
18	10720	119	0
18	10721	119	0
18	10721	119	0
18	10862	120	0
18	10862	120	0
18	10969	121	0
18	10969	121	0
18	11104	122	0
18	11104	122	0
18	11106	122	0
18	11106	122	0
18	11249	123	0
18	11249	123	0
18	11251	123	0
18	11251	123	0
18	11369	124	0
18	11369	124	0
18	11370	124	0
18	11370	124	0
18	11489	125	0
18	11489	125	0
18	11490	125	0
18	11490	125	0
18	11631	126	0
18	11631	126	0
18	11735	127	0
18	11735	127	0
18	11870	128	0
18	11870	128	0
18	11872	128	0
18	11872	128	0
18	12015	129	0
18	12015	129	0
18	12017	129	0
18	12017	129	0
18	12135	130	0
18	12135	130	0
18	12136	130	0
18	12136	130	0
18	12255	131	0
18	12255	131	0
18	12256	131	0
18	12256	131	0
18	12402	132	0
18	12402	132	0
18	12519	133	0
18	12519	133	0
18	12651	134	0
18	12651	134	0
18	12653	134	0
18	12653	134	0
18	12793	135	0
18	12793	135	0
18	12794	135	0
18	12794	135	0
18	12913	136	0
18	12913	136	0
18	12914	136	0
18	12914	136	0
18	13036	137	0
18	13036	137	0
18	13037	137	0
18	13037	137	0
18	13180	138	0
18	13180	138	0
18	13282	139	0
18	13282	139	0
18	13421	140	0
18	13421	140	0
18	13422	140	0
18	13422	140	0
18	13568	141	0
18	13568	141	0
18	13569	141	0
18	13569	141	0
18	13688	142	0
18	13688	142	0
18	13689	142	0
18	13689	142	0
18	13811	143	0
18	13811	143	0
18	13812	143	0
18	13812	143	0
18	13955	144	0
18	13955	144	0
18	14057	145	0
18	14057	145	0
18	14196	146	0
18	14196	146	0
18	14197	146	0
18	14197	146	0
18	14343	147	0
18	14343	147	0
18	14344	147	0
18	14344	147	0
18	14463	148	0
18	14463	148	0
18	14464	148	0
18	14464	148	0
18	14586	149	0
18	14586	149	0
18	14587	149	0
18	14587	149	0
18	14730	150	0
18	14730	150	0
18	14832	151	0
18	14832	151	0
18	14971	152	0
18	14971	152	0
18	14972	152	0
18	14972	152	0
18	15118	153	0
18	15118	153	0
18	15119	153	0
18	15119	153	0
18	15238	154	0
18	15238	154	0
18	15239	154	0
18	15239	154	0
18	15361	155	0
18	15361	155	0
18	15362	155	0
18	15362	155	0
18	15505	156	0
18	15505	156	0
18	15607	157	0
18	15607	157	0
18	15746	158	0
18	15746	158	0
18	15747	158	0
18	15747	158	0
18	15893	159	0
18	15893	159	0
18	15894	159	0
18	15894	159	0
18	16013	160	0
18	16013	160	0
18	16014	160	0
18	16014	160	0
18	16136	161	0
18	16136	161	0
18	16137	161	0
18	16137	161	0
18	16280	162	0
18	16280	162	0
18	16382	163	0
18	16382	163	0
18	16521	164	0
18	16521	164	0
18	16522	164	0
18	16522	164	0
18	16668	165	0
18	16668	165	0
18	16669	165	0
18	16669	165	0
18	16788	166	0
18	16788	166	0
18	16789	166	0
18	16789	166	0
18	16911	167	0
18	16911	167	0
18	16912	167	0
18	16912	167	0
18	17055	168	0
18	17055	168	0
18	17157	169	0
18	17157	169	0
18	17296	170	0
18	17296	170	0
18	17297	170	0
18	17297	170	0
18	17443	171	0
18	17443	171	0
18	17444	171	0
18	17444	171	0
18	17563	172	0
18	17563	172	0
18	17564	172	0
18	17564	172	0
18	17686	173	0
18	17686	173	0
18	17687	173	0
18	17687	173	0
18	17830	174	0
18	17830	174	0
18	17932	175	0
18	17932	175	0
18	18071	176	0
18	18071	176	0
18	18072	176	0
18	18072	176	0
18	18218	177	0
18	18218	177	0
18	18219	177	0
18	18219	177	0
18	18338	178	0
18	18338	178	0
18	18339	178	0
18	18339	178	0
18	18461	179	0
18	18461	179	0
18	18462	179	0
18	18462	179	0
18	18605	180	0
18	18605	180	0
18	18707	181	0
18	18707	181	0
18	18846	182	0
18	18846	182	0
18	18847	182	0
18	18847	182	0
18	18993	183	0
18	18993	183	0
18	18994	183	0
18	18994	183	0
18	19113	184	0
18	19113	184	0
18	19114	184	0
18	19114	184	0
18	19236	185	0
18	19236	185	0
18	19237	185	0
18	19237	185	0
18	19380	186	0
18	19380	186	0
18	19482	187	0
18	19482	187	0
18	19613	188	0
18	19613	188	0
18	19614	188	0
18	19614	188	0
18	19752	189	0
18	19752	189	0
18	19753	189	0
18	19753	189	0
18	19865	190	0
18	19865	190	0
18	19866	190	0
18	19866	190	0
18	19984	191	0
18	19984	191	0
18	19985	191	0
18	19985	191	0
18	20117	192	0
18	20117	192	0
18	20206	193	0
18	20206	193	0
18	20319	194	0
18	20319	194	0
18	20320	194	0
18	20320	194	0
18	20420	195	0
18	20420	195	0
18	20486	196	0
18	20486	196	0
18	20550	197	0
18	20550	197	0
18	20634	198	0
18	20634	198	0
18	20733	200	0
18	20733	200	0
18	20779	201	0
18	20779	201	0
18	20801	202	0
18	20801	202	0
19	169	38	0
19	169	38	0
19	187	38	1
19	207	38	0
19	241	39	0
19	241	39	0
19	259	39	1
19	279	39	0
19	313	40	0
19	313	40	0
19	331	40	1
19	351	40	0
19	425	41	0
19	425	41	0
19	454	41	1
19	468	41	0
19	554	42	0
19	554	42	0
19	583	42	1
19	597	42	0
19	683	43	0
19	683	43	0
19	709	43	1
19	722	43	0
19	835	44	0
19	835	44	0
19	859	44	1
19	881	44	0
19	991	45	0
19	991	45	0
19	1015	45	1
19	1034	45	0
19	1109	46	0
19	1109	46	0
19	1124	46	1
19	1141	46	0
19	1254	47	0
19	1254	47	0
19	1278	47	1
19	1297	47	0
19	1512	49	0
19	1512	49	0
19	1535	49	1
19	1548	49	0
19	1678	50	0
19	1678	50	0
19	1699	50	1
19	1718	50	0
19	1840	51	0
19	1840	51	0
19	1861	51	1
19	1876	51	0
19	1897	51.5001	0
19	1897	51.5001	0
19	1969	52	0
19	1969	52	0
19	1971	52	1
19	1985	52	2
19	1999	52	1
19	2006	52	0
19	2022	52.2501	1
19	2056	53	0
19	2135	53	1
19	2148	53	2
19	2158	53	1
19	2187	53.1251	2
19	2221	54	1
19	2287	54	2
19	2299	54	1
19	2428	55.0626	2
19	2465	56	1
19	2544	56	2
19	2546	56	3
19	2556	56	4
19	2566	56	3
19	2595	56.53135	4
19	2628	57	3
19	2704	57	4
19	2717	57	5
19	2727	57	4
19	2749	57.765725	5
19	2775	58	4
19	2824	58	5
19	2825	58	6
19	2836	58	7
19	2847	58	6
19	2864	58.765725	7
19	2902	59	6
19	2976	59	7
19	2986	59	6
19	3041	60	5
19	3112	60	6
19	3125	60	7
19	3132	60	6
19	3159	60.3829125	7
19	3235	61	8
19	3293	62	7
19	3370	62	8
19	3381	62	9
19	3388	62	8
19	3446	63	7
19	3523	63	8
19	3532	63	7
19	3576	64	6
19	3625	64	7
19	3627	64	8
19	3637	64	9
19	3645	64	8
19	3662	64.19150625	9
19	3700	65	8
19	3782	65	9
19	3795	65	10
19	3802	65	9
19	3861	66	8
19	3924	66	9
19	3931	66	8
19	3958	66.095803125	9
19	4064	67.095803125	10
19	4101	68	9
19	4180	68	10
19	4182	68	11
19	4192	68	12
19	4199	68	11
19	4253	69	10
19	4334	69	11
19	4336	69	12
19	4348	69	13
19	4355	69	12
19	4377	69.547951562	13
19	4381	69.930864062	14
19	4403	70	13
19	4450	70	14
19	4466	70	13
19	4517	71	12
19	4591	71	13
19	4598	71	12
19	4653	72	11
19	4722	72	12
19	4731	72	11
19	4762	72.774025781	12
19	4885	74	11
19	4967	74	12
19	4968	74	13
19	4985	74	12
19	5043	75	11
19	5119	75	12
19	5120	75	13
19	5127	75	12
19	5149	75.38706289	13
19	5175	76	12
19	5220	76	13
19	5228	76	12
19	5245	76.38706289	13
19	5279	77	12
19	5360	77	13
19	5361	77	14
19	5378	77	13
19	5411	77.482866015	14
19	5441	78	13
19	5507	78	14
19	5514	78	13
19	5613	79	14
19	5667	80	13
19	5748	80	14
19	5757	80	13
19	5786	80.28938457	14
19	5819	81	13
19	5895	81	14
19	5908	81	15
19	5915	81	14
19	5937	81.193581445	15
19	5963	82	14
19	6008	82	15
19	6016	82	14
19	6033	82.193581445	15
19	6037	82.741533007	16
19	6071	83	15
19	6150	83	16
19	6161	83	17
19	6168	83	16
19	6227	84	15
19	6296	84	16
19	6305	84	15
19	6451	86	14
19	6528	86	15
19	6539	86	16
19	6546	86	15
19	6575	86.596840722	16
19	6604	87	15
19	6682	87	16
19	6683	87	17
19	6700	87	16
19	6740	88	15
19	6787	88	16
19	6788	88	17
19	6796	88	16
19	6847	89	15
19	6923	89	16
19	6938	89	15
19	6993	90	14
19	7056	90	15
19	7063	90	14
19	7164	91	15
19	7219	92	14
19	7297	92	15
19	7306	92	14
19	7335	92.298470361	15
19	7364	93	14
19	7435	93	15
19	7442	93	14
19	7486	94	13
19	7533	94	14
19	7544	94	15
19	7552	94	14
19	7599	95	13
19	7683	95	14
19	7685	95	15
19	7701	95	14
19	7756	96	13
19	7819	96	14
19	7826	96	13
19	7923	97	14
19	7949	97.14928518	15
19	7982	98	14
19	8069	98	13
19	8123	99	12
19	8198	99	13
19	8199	99	14
19	8214	99	13
19	8258	100	12
19	8303	100	13
19	8311	100	12
19	8358	101	11
19	8440	101	12
19	8453	101	13
19	8460	101	12
19	8519	102	11
19	8582	102	12
19	8589	102	11
19	8616	102.07469259	12
19	8744	104	11
19	8819	104	12
19	8826	104	11
19	8880	105	10
19	8956	105	11
19	8973	105	10
19	8995	105.037396295	11
19	9017	106	10
19	9062	106	11
19	9070	106	10
19	9117	107	9
19	9195	107	10
19	9196	107	11
19	9211	107	10
19	9270	108	9
19	9339	108	10
19	9348	108	9
19	9465	109.018748147	10
19	9502	110	9
19	9586	110	8
19	9640	111	7
19	9713	111	8
19	9724	111	9
19	9731	111	8
19	9753	111.509424073	9
19	9775	112	8
19	9824	112	9
19	9826	112	10
19	9841	112	9
19	9888	113	8
19	9968	113	9
19	9977	113	8
19	10032	114	7
19	10101	114	8
19	10110	114	7
19	10207	115	8
19	10244	115.754762036	9
19	10277	116	8
19	10356	116	9
19	10357	116	10
19	10372	116	9
19	10426	117	8
19	10503	117	9
19	10512	117	8
19	10552	118	7
19	10601	118	8
19	10602	118	9
19	10618	118	8
19	10665	119	7
19	10743	119	8
19	10744	119	9
19	10759	119	8
19	10814	120	7
19	10883	120	8
19	10892	120	7
19	10991	121	8
19	11049	122	7
19	11129	122	8
19	11144	122	7
19	11198	123	6
19	11276	123	7
19	11277	123	8
19	11294	123	7
19	11334	124	6
19	11379	124	7
19	11387	124	6
19	11434	125	5
19	11512	125	6
19	11513	125	7
19	11528	125	6
19	11583	126	5
19	11658	126	4
19	11757	127	5
19	11815	128	4
19	11892	128	5
19	11903	128	6
19	11910	128	5
19	11964	129	4
19	12043	129	5
19	12060	129	4
19	12100	130	3
19	12145	130	4
19	12153	130	3
19	12200	131	2
19	12279	131	3
19	12292	131	4
19	12299	131	3
19	12354	132	2
19	12425	132	3
19	12442	132	2
19	12596	134	1
19	12675	134	2
19	12676	134	3
19	12691	134	2
19	12745	135	1
19	12822	135	2
19	12823	135	3
19	12838	135	2
19	12878	136	1
19	12927	136	2
19	12928	136	3
19	12938	136	2
19	12985	137	1
19	13065	137	2
19	13066	137	3
19	13081	137	2
19	13136	138	1
19	13201	138	2
19	13208	138	1
19	13305	139	2
19	13369	140	1
19	13450	140	2
19	13451	140	3
19	13466	140	2
19	13520	141	1
19	13597	141	2
19	13598	141	3
19	13613	141	2
19	13653	142	1
19	13702	142	2
19	13703	142	3
19	13713	142	2
19	13760	143	1
19	13840	143	2
19	13841	143	3
19	13856	143	2
19	13911	144	1
19	13976	144	2
19	13983	144	1
19	14080	145	2
19	14144	146	1
19	14225	146	2
19	14226	146	3
19	14241	146	2
19	14295	147	1
19	14372	147	2
19	14373	147	3
19	14388	147	2
19	14428	148	1
19	14477	148	2
19	14478	148	3
19	14488	148	2
19	14535	149	1
19	14615	149	2
19	14616	149	3
19	14631	149	2
19	14686	150	1
19	14751	150	2
19	14758	150	1
19	14855	151	2
19	14919	152	1
19	15000	152	2
19	15001	152	3
19	15016	152	2
19	15070	153	1
19	15147	153	2
19	15148	153	3
19	15163	153	2
19	15203	154	1
19	15252	154	2
19	15253	154	3
19	15263	154	2
19	15310	155	1
19	15390	155	2
19	15391	155	3
19	15406	155	2
19	15461	156	1
19	15526	156	2
19	15533	156	1
19	15630	157	2
19	15694	158	1
19	15775	158	2
19	15776	158	3
19	15791	158	2
19	15845	159	1
19	15922	159	2
19	15923	159	3
19	15938	159	2
19	15978	160	1
19	16027	160	2
19	16028	160	3
19	16038	160	2
19	16085	161	1
19	16165	161	2
19	16166	161	3
19	16181	161	2
19	16236	162	1
19	16301	162	2
19	16308	162	1
19	16405	163	2
19	16469	164	1
19	16550	164	2
19	16551	164	3
19	16566	164	2
19	16620	165	1
19	16697	165	2
19	16698	165	3
19	16713	165	2
19	16753	166	1
19	16802	166	2
19	16803	166	3
19	16813	166	2
19	16860	167	1
19	16940	167	2
19	16941	167	3
19	16956	167	2
19	17011	168	1
19	17076	168	2
19	17083	168	1
19	17180	169	2
19	17244	170	1
19	17325	170	2
19	17326	170	3
19	17341	170	2
19	17395	171	1
19	17472	171	2
19	17473	171	3
19	17488	171	2
19	17528	172	1
19	17577	172	2
19	17578	172	3
19	17588	172	2
19	17635	173	1
19	17715	173	2
19	17716	173	3
19	17731	173	2
19	17786	174	1
19	17851	174	2
19	17858	174	1
19	17955	175	2
19	18019	176	1
19	18100	176	2
19	18101	176	3
19	18116	176	2
19	18170	177	1
19	18247	177	2
19	18248	177	3
19	18263	177	2
19	18303	178	1
19	18352	178	2
19	18353	178	3
19	18363	178	2
19	18410	179	1
19	18490	179	2
19	18491	179	3
19	18506	179	2
19	18561	180	1
19	18626	180	2
19	18633	180	1
19	18730	181	2
19	18794	182	1
19	18875	182	2
19	18876	182	3
19	18891	182	2
19	18945	183	1
19	19022	183	2
19	19023	183	3
19	19038	183	2
19	19078	184	1
19	19127	184	2
19	19128	184	3
19	19138	184	2
19	19185	185	1
19	19265	185	2
19	19266	185	3
19	19281	185	2
19	19336	186	1
19	19401	186	2
19	19408	186	1
19	19503	187	2
19	19561	188	1
19	19639	188	2
19	19640	188	3
19	19655	188	2
19	19704	189	1
19	19778	189	2
19	19779	189	3
19	19794	189	2
19	19834	190	1
19	19879	190	2
19	19880	190	3
19	19889	190	2
19	19936	191	1
19	20010	191	2
19	20011	191	3
19	20029	191	2
19	20079	192	1
19	20135	192	2
19	20145	192	1
19	20273	194	0
