0  0.4 
0  1.55652 
30  7.22609 
30  7.67826 
60  10.1739 
60  11.6348 
60  12.5826 
60  13.5043 
60  14.687 
60  15.087 
60  17.0261 
60  17.3826 
90  17.7652 
90  18.6435 
90  19.2435 
90  20.1043 
90  20.7043 
90  22.0609 
90  22.6348 
90  22.9478 
90  23.2609 
90  23.8087 
90  23.8522 
120  24.4348 
120  25.5478 
120  26.4087 
120  26.4435 
120  27.0435 
120  27.3391 
120  27.6696 
120  27.9913 
120  28.3304 
120  29.6609 
120  29.6957 
120  29.7043 
120  30.8 
120  31.6 
120  32.1913 
120  32.5043 
150  32.8087 
150  32.8261 
150  32.8696 
150  33.1826 
150  33.7565 
150  33.7739 
150  33.8348 
150  34.6609 
150  34.6957 
150  35.513 
150  36.3565 
150  36.887 
150  37.4174 
150  37.6957 
150  38.2261 
150  38.7739 
150  39.3217 
150  39.3391 
180  39.3652 
180  39.4 
180  39.4348 
180  39.7217 
180  40.2783 
180  40.287 
180  40.313 
180  40.5826 
180  41.4 
180  41.9652 
180  41.9913 
180  42.8174 
180  43.6435 
180  43.6522 
180  43.913 
180  44.4522 
180  45.2435 
180  45.2609 
180  45.5391 
210  45.5652 
210  45.9304 
210  46.2261 
210  46.2522 
210  46.5304 
210  44.6783 
210  44.9652 
210  44.9826 
210  44.9913 
210  45.0174 
210  45.0348 
210  45.0522 
210  45.5739 
210  45.3217 
210  45.8522 
210  46.0087 
210  46.0174 
210  46.287 
210  46.8174 
210  47.3565 
210  47.3913 
240  47.1478 
240  46.6783 
240  46.6783 
240  46.7826 
240  48.0957 
240  48.1304 
240  48.1391 
240  48.1478 
240  47.9304 
240  45.2435 
240  45.513 
240  45.5304 
240  46.713 
240  47.5043 
240  47.5391 
240  44.4 
240  44.3739 
240  44.3739 
240  45.1652 
240  45.8174 
240  45.8261 
240  44.113 
240  44.113 
240  44.113 
270  40.8261 
270  41.3478 
270  41.3739 
270  41.3826 
270  41.8174 
270  41.8348 
270  42.4522 
270  42.7217 
270  41.2261 
270  41.5043 
270  37.6609 
270  37.9391 
270  37.9478 
270  38.7739 
270  38.7739 
270  39.0348 
270  39.0348 
270  39.0348 
270  36.9739 
270  36.9739 
270  36.9739 
270  37.2 
270  34.6087 
270  34.6087 
270  34.3739 
270  32.5043 
270  32.5043 
270  32.2609 
270  29.6522 
270  29.6522 
270  30.2435 
270  27.887 
270  27.887 
270  27.6 
270  24.7043 
270  24.7043 
270  24.7043 
270  25.8261 
270  25.2957 
270  25.2957 
270  25.5565 
270  23.1739 
270  23.1739 
270  23.1826 
270  22.9652 
270  20.3391 
270  20.3478 
270  20.3478 
270  17.7217 
270  15.3739 
270  15.1043 
240  13.0435 
240  13.0174 
240  13.0261 
240  10.4261 
240  10.4261 
240  10.4261 
240  10.1391 
240  7.8087 
240  7.8087 
270  7.8087 
270  5.21739 
270  5.21739 
270  5.21739 
270  5.21739 
270  5.21739 
270  5.21739 
270  2.6 
270  2.6 
270  2.6 
270  2.6 
270  2.6 
270  2.34783 
270  2.34783 
270  2.34783 
270  2.34783 
270  2.34783 
270  2.34783 
270  2.34783 
270  0 
270  0 
270  0 
270  0 
270  0 
270  0 
270  0 
